1 52 49
1 49 46
1 46 35
1 35 2
1 2 1
1 1 0
1 35 34
1 34 33
1 33 31
1 31 3
1 31 30
1 30 29
1 29 16
1 16 15
1 15 8
1 8 5
1 5 4
1 8 7
1 7 6
1 15 14
1 14 12
1 12 11
1 11 9
1 11 10
1 14 13
1 29 28
1 28 26
1 26 19
1 19 17
1 19 18
1 26 25
1 25 24
1 24 23
1 23 20
1 23 22
1 22 21
1 28 27
1 33 32
1 46 45
1 45 44
1 44 36
1 44 43
1 43 37
1 43 42
1 42 41
1 41 39
1 39 38
1 41 40
1 49 48
1 48 47
1 52 51
1 51 50
2 55 0
2 55 54
2 54 1
2 54 53
2 53 52
2 52 6
2 6 5
2 5 3
2 3 2
2 5 4
2 52 51
2 51 49
2 49 48
2 48 43
2 43 7
2 43 42
2 42 36
2 36 9
2 9 8
2 36 35
2 35 10
2 35 34
2 34 12
2 12 11
2 34 33
2 33 32
2 32 30
2 30 29
2 29 13
2 29 28
2 28 26
2 26 24
2 24 14
2 24 23
2 23 21
2 21 18
2 18 17
2 17 16
2 16 15
2 21 20
2 20 19
2 23 22
2 26 25
2 28 27
2 32 31
2 42 41
2 41 39
2 39 38
2 38 37
2 41 40
2 48 47
2 47 45
2 45 44
2 47 46
2 51 50
3 58 57
3 57 24
3 24 0
3 24 23
3 23 1
3 23 22
3 22 21
3 21 19
3 19 18
3 18 17
3 17 16
3 16 11
3 11 2
3 11 10
3 10 6
3 6 5
3 5 4
3 4 3
3 10 9
3 9 7
3 9 8
3 16 15
3 15 14
3 14 12
3 14 13
3 21 20
3 57 56
3 56 53
3 53 52
3 52 38
3 38 37
3 37 34
3 34 33
3 33 32
3 32 31
3 31 29
3 29 26
3 26 25
3 29 28
3 28 27
3 31 30
3 37 36
3 36 35
3 52 51
3 51 50
3 50 41
3 41 39
3 41 40
3 50 49
3 49 48
3 48 47
3 47 42
3 47 46
3 46 45
3 45 43
3 45 44
3 56 55
3 55 54
4 58 57
4 57 4
4 4 3
4 3 1
4 1 0
4 3 2
4 57 56
4 56 13
4 13 12
4 12 11
4 11 10
4 10 6
4 6 5
4 10 9
4 9 7
4 9 8
4 56 55
4 55 54
4 54 52
4 52 51
4 51 14
4 51 50
4 50 39
4 39 20
4 20 15
4 20 19
4 19 18
4 18 16
4 18 17
4 39 38
4 38 37
4 37 35
4 35 21
4 35 34
4 34 33
4 33 29
4 29 27
4 27 22
4 27 26
4 26 24
4 24 23
4 26 25
4 29 28
4 33 32
4 32 31
4 31 30
4 37 36
4 50 49
4 49 46
4 46 44
4 44 43
4 43 40
4 43 42
4 42 41
4 46 45
4 49 48
4 48 47
4 54 53
5 51 50
5 50 7
5 7 1
5 1 0
5 7 6
5 6 5
5 5 3
5 3 2
5 5 4
5 50 49
5 49 9
5 9 8
5 49 48
5 48 47
5 47 45
5 45 44
5 44 42
5 42 41
5 41 10
5 41 40
5 40 38
5 38 29
5 29 28
5 28 26
5 26 25
5 25 13
5 13 11
5 13 12
5 25 24
5 24 15
5 15 14
5 24 23
5 23 20
5 20 16
5 20 19
5 19 17
5 19 18
5 23 22
5 22 21
5 28 27
5 38 37
5 37 30
5 37 36
5 36 35
5 35 34
5 34 31
5 34 33
5 33 32
5 40 39
5 44 43
5 47 46
6 57 55
6 55 0
6 55 54
6 54 42
6 42 41
6 41 40
6 40 1
6 40 39
6 39 38
6 38 32
6 32 31
6 31 12
6 12 7
6 7 2
6 7 6
6 6 4
6 4 3
6 6 5
6 12 11
6 11 9
6 9 8
6 11 10
6 31 30
6 30 28
6 28 24
6 24 16
6 16 15
6 15 14
6 14 13
6 24 23
6 23 22
6 22 21
6 21 17
6 21 20
6 20 18
6 20 19
6 28 27
6 27 25
6 27 26
6 30 29
6 38 37
6 37 36
6 36 35
6 35 33
6 35 34
6 54 53
6 53 49
6 49 47
6 47 46
6 46 45
6 45 43
6 45 44
6 49 48
6 53 52
6 52 51
6 51 50
6 57 56
7 53 51
7 51 50
7 50 49
7 49 4
7 4 3
7 3 2
7 2 0
7 2 1
7 49 48
7 48 45
7 45 5
7 45 44
7 44 18
7 18 16
7 16 15
7 15 10
7 10 6
7 10 9
7 9 8
7 8 7
7 15 14
7 14 11
7 14 13
7 13 12
7 18 17
7 44 43
7 43 33
7 33 32
7 32 28
7 28 21
7 21 20
7 20 19
7 28 27
7 27 26
7 26 22
7 26 25
7 25 24
7 24 23
7 32 31
7 31 30
7 30 29
7 43 42
7 42 41
7 41 34
7 41 40
7 40 39
7 39 37
7 37 35
7 37 36
7 39 38
7 48 47
7 47 46
7 53 52
8 55 17
8 17 16
8 16 14
8 14 6
8 6 3
8 3 1
8 1 0
8 3 2
8 6 5
8 5 4
8 14 13
8 13 7
8 13 12
8 12 10
8 10 8
8 10 9
8 12 11
8 16 15
8 55 54
8 54 53
8 53 51
8 51 50
8 50 41
8 41 40
8 40 39
8 39 27
8 27 18
8 27 26
8 26 20
8 20 19
8 26 25
8 25 23
8 23 22
8 22 21
8 25 24
8 39 38
8 38 37
8 37 36
8 36 32
8 32 28
8 32 31
8 31 30
8 30 29
8 36 35
8 35 34
8 34 33
8 50 49
8 49 42
8 49 48
8 48 44
8 44 43
8 48 47
8 47 45
8 47 46
8 53 52
9 49 2
9 2 1
9 1 0
9 49 48
9 48 7
9 7 4
9 4 3
9 7 6
9 6 5
9 48 47
9 47 40
9 40 38
9 38 35
9 35 34
9 34 31
9 31 30
9 30 29
9 29 28
9 28 9
9 9 8
9 28 27
9 27 25
9 25 23
9 23 22
9 22 21
9 21 10
9 21 20
9 20 19
9 19 18
9 18 14
9 14 12
9 12 11
9 14 13
9 18 17
9 17 15
9 17 16
9 25 24
9 27 26
9 34 33
9 33 32
9 38 37
9 37 36
9 40 39
9 47 46
9 46 45
9 45 44
9 44 41
9 44 43
9 43 42
10 59 58
10 58 50
10 50 25
10 25 14
10 14 13
10 13 12
10 12 3
10 3 1
10 1 0
10 3 2
10 12 11
10 11 10
10 10 7
10 7 5
10 5 4
10 7 6
10 10 9
10 9 8
10 25 24
10 24 23
10 23 15
10 23 22
10 22 20
10 20 18
10 18 16
10 18 17
10 20 19
10 22 21
10 50 49
10 49 43
10 43 35
10 35 33
10 33 26
10 33 32
10 32 28
10 28 27
10 32 31
10 31 30
10 30 29
10 35 34
10 43 42
10 42 41
10 41 39
10 39 38
10 38 37
10 37 36
10 41 40
10 49 48
10 48 44
10 48 47
10 47 46
10 46 45
10 58 57
10 57 54
10 54 52
10 52 51
10 54 53
10 57 56
10 56 55
11 51 48
11 48 42
11 42 11
11 11 6
11 6 0
11 6 5
11 5 4
11 4 3
11 3 2
11 2 1
11 11 10
11 10 9
11 9 7
11 9 8
11 42 41
11 41 35
11 35 34
11 34 15
11 15 12
11 15 14
11 14 13
11 34 33
11 33 24
11 24 23
11 23 21
11 21 16
11 21 20
11 20 19
11 19 18
11 18 17
11 23 22
11 33 32
11 32 30
11 30 29
11 29 27
11 27 26
11 26 25
11 29 28
11 32 31
11 41 40
11 40 39
11 39 38
11 38 36
11 38 37
11 48 47
11 47 43
11 47 46
11 46 44
11 46 45
11 51 50
11 50 49
12 52 51
12 51 48
12 48 1
12 1 0
12 48 47
12 47 20
12 20 2
12 20 19
12 19 18
12 18 16
12 16 15
12 15 14
12 14 3
12 14 13
12 13 12
12 12 7
12 7 6
12 6 5
12 5 4
12 12 11
12 11 8
12 11 10
12 10 9
12 18 17
12 47 46
12 46 45
12 45 21
12 45 44
12 44 43
12 43 42
12 42 32
12 32 31
12 31 23
12 23 22
12 31 30
12 30 29
12 29 25
12 25 24
12 29 28
12 28 27
12 27 26
12 42 41
12 41 33
12 41 40
12 40 38
12 38 37
12 37 36
12 36 34
12 36 35
12 40 39
12 51 50
12 50 49
13 51 50
13 50 49
13 49 48
13 48 41
13 41 40
13 40 38
13 38 30
13 30 0
13 30 29
13 29 27
13 27 19
13 19 17
13 17 16
13 16 15
13 15 14
13 14 12
13 12 11
13 11 10
13 10 9
13 9 8
13 8 7
13 7 6
13 6 1
13 6 5
13 5 2
13 5 4
13 4 3
13 14 13
13 19 18
13 27 26
13 26 20
13 26 25
13 25 23
13 23 22
13 22 21
13 25 24
13 29 28
13 38 37
13 37 36
13 36 34
13 34 31
13 34 33
13 33 32
13 36 35
13 40 39
13 48 47
13 47 42
13 47 46
13 46 45
13 45 43
13 45 44
14 54 52
14 52 14
14 14 0
14 14 13
14 13 1
14 13 12
14 12 11
14 11 9
14 9 8
14 8 7
14 7 2
14 7 6
14 6 4
14 4 3
14 6 5
14 11 10
14 52 51
14 51 49
14 49 45
14 45 15
14 45 44
14 44 16
14 44 43
14 43 42
14 42 20
14 20 18
14 18 17
14 20 19
14 42 41
14 41 40
14 40 38
14 38 37
14 37 21
14 37 36
14 36 35
14 35 34
14 34 24
14 24 23
14 23 22
14 34 33
14 33 25
14 33 32
14 32 30
14 30 29
14 29 28
14 28 27
14 27 26
14 32 31
14 40 39
14 49 48
14 48 46
14 48 47
14 51 50
14 54 53
15 57 56
15 56 55
15 55 54
15 54 50
15 50 49
15 49 48
15 48 46
15 46 44
15 44 43
15 43 10
15 10 8
15 8 7
15 7 5
15 5 0
15 5 4
15 4 3
15 3 1
15 3 2
15 7 6
15 10 9
15 43 42
15 42 41
15 41 40
15 40 38
15 38 37
15 37 18
15 18 17
15 17 15
15 15 14
15 14 13
15 13 12
15 12 11
15 17 16
15 37 36
15 36 20
15 20 19
15 36 35
15 35 33
15 33 30
15 30 29
15 29 21
15 29 28
15 28 27
15 27 25
15 25 22
15 25 24
15 24 23
15 27 26
15 33 32
15 32 31
15 35 34
15 40 39
15 46 45
15 48 47
15 54 53
15 53 51
15 53 52
16 50 49
16 49 48
16 48 47
16 47 0
16 47 46
16 46 45
16 45 44
16 44 8
16 8 5
16 5 4
16 4 1
16 4 3
16 3 2
16 8 7
16 7 6
16 44 43
16 43 42
16 42 29
16 29 27
16 27 16
16 16 15
16 15 14
16 14 13
16 13 11
16 11 10
16 10 9
16 13 12
16 27 26
16 26 22
16 22 20
16 20 19
16 19 17
16 19 18
16 22 21
16 26 25
16 25 23
16 25 24
16 29 28
16 42 41
16 41 40
16 40 39
16 39 35
16 35 33
16 33 32
16 32 31
16 31 30
16 35 34
16 39 38
16 38 36
16 38 37
17 57 56
17 56 44
17 44 3
17 3 1
17 1 0
17 3 2
17 44 43
17 43 42
17 42 41
17 41 37
17 37 35
17 35 16
17 16 5
17 5 4
17 16 15
17 15 14
17 14 6
17 14 13
17 13 10
17 10 9
17 9 8
17 8 7
17 13 12
17 12 11
17 35 34
17 34 33
17 33 31
17 31 30
17 30 17
17 30 29
17 29 28
17 28 18
17 28 27
17 27 20
17 20 19
17 27 26
17 26 25
17 25 24
17 24 23
17 23 21
17 23 22
17 33 32
17 37 36
17 41 40
17 40 39
17 39 38
17 56 55
17 55 54
17 54 45
17 54 53
17 53 51
17 51 50
17 50 49
17 49 46
17 49 48
17 48 47
17 53 52
18 56 55
18 55 51
18 51 28
18 28 0
18 28 27
18 27 16
18 16 5
18 5 4
18 4 2
18 2 1
18 4 3
18 16 15
18 15 13
18 13 12
18 12 11
18 11 10
18 10 8
18 8 6
18 8 7
18 10 9
18 15 14
18 27 26
18 26 20
18 20 17
18 20 19
18 19 18
18 26 25
18 25 23
18 23 22
18 22 21
18 25 24
18 51 50
18 50 49
18 49 48
18 48 47
18 47 46
18 46 45
18 45 29
18 45 44
18 44 30
18 44 43
18 43 42
18 42 31
18 42 41
18 41 40
18 40 36
18 36 35
18 35 34
18 34 33
18 33 32
18 40 39
18 39 38
18 38 37
18 55 54
18 54 53
18 53 52
19 57 54
19 54 53
19 53 52
19 52 51
19 51 5
19 5 1
19 1 0
19 5 4
19 4 2
19 4 3
19 51 50
19 50 16
19 16 15
19 15 7
19 7 6
19 15 14
19 14 11
19 11 10
19 10 9
19 9 8
19 14 13
19 13 12
19 50 49
19 49 18
19 18 17
19 49 48
19 48 19
19 48 47
19 47 33
19 33 20
19 33 32
19 32 29
19 29 21
19 29 28
19 28 22
19 28 27
19 27 25
19 25 23
19 25 24
19 27 26
19 32 31
19 31 30
19 47 46
19 46 34
19 46 45
19 45 35
19 45 44
19 44 43
19 43 36
19 43 42
19 42 41
19 41 37
19 41 40
19 40 39
19 39 38
19 57 56
19 56 55
20 49 48
20 48 45
20 45 8
20 8 7
20 7 6
20 6 1
20 1 0
20 6 5
20 5 3
20 3 2
20 5 4
20 45 44
20 44 40
20 40 39
20 39 9
20 39 38
20 38 10
20 38 37
20 37 31
20 31 30
20 30 12
20 12 11
20 30 29
20 29 15
20 15 13
20 15 14
20 29 28
20 28 19
20 19 16
20 19 18
20 18 17
20 28 27
20 27 20
20 27 26
20 26 25
20 25 21
20 25 24
20 24 22
20 24 23
20 37 36
20 36 33
20 33 32
20 36 35
20 35 34
20 44 43
20 43 41
20 43 42
20 48 47
20 47 46
21 58 56
21 56 3
21 3 2
21 2 1
21 1 0
21 56 55
21 55 17
21 17 15
21 15 13
21 13 11
21 11 8
21 8 7
21 7 5
21 5 4
21 7 6
21 11 10
21 10 9
21 13 12
21 15 14
21 17 16
21 55 54
21 54 53
21 53 51
21 51 18
21 51 50
21 50 49
21 49 19
21 49 48
21 48 24
21 24 22
21 22 20
21 22 21
21 24 23
21 48 47
21 47 35
21 35 27
21 27 25
21 27 26
21 35 34
21 34 32
21 32 28
21 32 31
21 31 30
21 30 29
21 34 33
21 47 46
21 46 45
21 45 40
21 40 36
21 40 39
21 39 37
21 39 38
21 45 44
21 44 41
21 44 43
21 43 42
21 53 52
21 58 57
22 59 58
22 58 57
22 57 56
22 56 55
22 55 52
22 52 51
22 51 50
22 50 2
22 2 1
22 1 0
22 50 49
22 49 48
22 48 3
22 48 47
22 47 46
22 46 7
22 7 4
22 7 6
22 6 5
22 46 45
22 45 34
22 34 32
22 32 30
22 30 11
22 11 9
22 9 8
22 11 10
22 30 29
22 29 27
22 27 14
22 14 12
22 14 13
22 27 26
22 26 25
22 25 21
22 21 20
22 20 18
22 18 16
22 16 15
22 18 17
22 20 19
22 25 24
22 24 22
22 24 23
22 29 28
22 32 31
22 34 33
22 45 44
22 44 36
22 36 35
22 44 43
22 43 37
22 43 42
22 42 38
22 42 41
22 41 39
22 41 40
22 55 54
22 54 53
23 56 0
23 56 55
23 55 12
23 12 11
23 11 10
23 10 7
23 7 4
23 4 1
23 4 3
23 3 2
23 7 6
23 6 5
23 10 9
23 9 8
23 55 54
23 54 51
23 51 41
23 41 37
23 37 36
23 36 35
23 35 34
23 34 33
23 33 17
23 17 13
23 17 16
23 16 14
23 16 15
23 33 32
23 32 18
23 32 31
23 31 19
23 31 30
23 30 29
23 29 26
23 26 25
23 25 24
23 24 23
23 23 20
23 23 22
23 22 21
23 29 28
23 28 27
23 41 40
23 40 39
23 39 38
23 51 50
23 50 42
23 50 49
23 49 43
23 49 48
23 48 44
23 48 47
23 47 45
23 47 46
23 54 53
23 53 52
24 49 33
24 33 22
24 22 21
24 21 0
24 21 20
24 20 15
24 15 14
24 14 7
24 7 6
24 6 1
24 6 5
24 5 2
24 5 4
24 4 3
24 14 13
24 13 11
24 11 10
24 10 9
24 9 8
24 13 12
24 20 19
24 19 17
24 17 16
24 19 18
24 33 32
24 32 31
24 31 23
24 31 30
24 30 28
24 28 27
24 27 24
24 27 26
24 26 25
24 30 29
24 49 48
24 48 38
24 38 37
24 37 35
24 35 34
24 37 36
24 48 47
24 47 46
24 46 44
24 44 42
24 42 40
24 40 39
24 42 41
24 44 43
24 46 45
25 55 52
25 52 51
25 51 14
25 14 13
25 13 12
25 12 9
25 9 7
25 7 6
25 6 4
25 4 3
25 3 0
25 3 2
25 2 1
25 6 5
25 9 8
25 12 11
25 11 10
25 51 50
25 50 17
25 17 16
25 16 15
25 50 49
25 49 45
25 45 43
25 43 42
25 42 27
25 27 18
25 27 26
25 26 24
25 24 20
25 20 19
25 24 23
25 23 21
25 23 22
25 26 25
25 42 41
25 41 40
25 40 29
25 29 28
25 40 39
25 39 31
25 31 30
25 39 38
25 38 37
25 37 36
25 36 32
25 36 35
25 35 33
25 35 34
25 45 44
25 49 48
25 48 47
25 47 46
25 55 54
25 54 53
26 55 54
26 54 13
26 13 0
26 13 12
26 12 10
26 10 3
26 3 1
26 3 2
26 10 9
26 9 8
26 8 5
26 5 4
26 8 7
26 7 6
26 12 11
26 54 53
26 53 14
26 53 52
26 52 51
26 51 27
26 27 26
26 26 25
26 25 24
26 24 23
26 23 22
26 22 21
26 21 17
26 17 15
26 17 16
26 21 20
26 20 19
26 19 18
26 51 50
26 50 44
26 44 43
26 43 42
26 42 30
26 30 29
26 29 28
26 42 41
26 41 39
26 39 38
26 38 37
26 37 36
26 36 31
26 36 35
26 35 33
26 33 32
26 35 34
26 41 40
26 50 49
26 49 47
26 47 46
26 46 45
26 49 48
27 49 48
27 48 43
27 43 42
27 42 2
27 2 0
27 2 1
27 42 41
27 41 40
27 40 31
27 31 6
27 6 5
27 5 3
27 5 4
27 31 30
27 30 8
27 8 7
27 30 29
27 29 25
27 25 21
27 21 9
27 21 20
27 20 18
27 18 16
27 16 13
27 13 11
27 11 10
27 13 12
27 16 15
27 15 14
27 18 17
27 20 19
27 25 24
27 24 23
27 23 22
27 29 28
27 28 26
27 28 27
27 40 39
27 39 32
27 39 38
27 38 37
27 37 34
27 34 33
27 37 36
27 36 35
27 48 47
27 47 45
27 45 44
27 47 46
28 59 55
28 55 54
28 54 19
28 19 17
28 17 16
28 16 15
28 15 14
28 14 0
28 14 13
28 13 12
28 12 11
28 11 10
28 10 7
28 7 1
28 7 6
28 6 2
28 6 5
28 5 3
28 5 4
28 10 9
28 9 8
28 19 18
28 54 53
28 53 47
28 47 45
28 45 42
28 42 21
28 21 20
28 42 41
28 41 39
28 39 38
28 38 37
28 37 31
28 31 30
28 30 29
28 29 28
28 28 24
28 24 23
28 23 22
28 28 27
28 27 26
28 26 25
28 37 36
28 36 34
28 34 33
28 33 32
28 36 35
28 41 40
28 45 44
28 44 43
28 47 46
28 53 52
28 52 51
28 51 50
28 50 48
28 50 49
28 59 58
28 58 56
28 58 57
29 56 55
29 55 54
29 54 13
29 13 0
29 13 12
29 12 2
29 2 1
29 12 11
29 11 6
29 6 4
29 4 3
29 6 5
29 11 10
29 10 7
29 10 9
29 9 8
29 54 53
29 53 52
29 52 51
29 51 16
29 16 15
29 15 14
29 51 50
29 50 44
29 44 43
29 43 17
29 43 42
29 42 36
29 36 21
29 21 20
29 20 19
29 19 18
29 36 35
29 35 29
29 29 28
29 28 26
29 26 25
29 25 24
29 24 23
29 23 22
29 28 27
29 35 34
29 34 33
29 33 31
29 31 30
29 33 32
29 42 41
29 41 40
29 40 37
29 40 39
29 39 38
29 50 49
29 49 47
29 47 46
29 46 45
29 49 48
30 57 56
30 56 55
30 55 45
30 45 43
30 43 0
30 43 42
30 42 41
30 41 40
30 40 1
30 40 39
30 39 6
30 6 3
30 3 2
30 6 5
30 5 4
30 39 38
30 38 19
30 19 18
30 18 17
30 17 16
30 16 15
30 15 10
30 10 7
30 10 9
30 9 8
30 15 14
30 14 12
30 12 11
30 14 13
30 38 37
30 37 36
30 36 34
30 34 32
30 32 31
30 31 20
30 31 30
30 30 26
30 26 25
30 25 24
30 24 22
30 22 21
30 24 23
30 30 29
30 29 27
30 29 28
30 34 33
30 36 35
30 45 44
30 55 54
30 54 47
30 47 46
30 54 53
30 53 50
30 50 48
30 50 49
30 53 52
30 52 51
31 58 3
31 3 2
31 2 0
31 2 1
31 58 57
31 57 5
31 5 4
31 57 56
31 56 20
31 20 19
31 19 18
31 18 17
31 17 15
31 15 14
31 14 12
31 12 6
31 12 11
31 11 9
31 9 7
31 9 8
31 11 10
31 14 13
31 17 16
31 56 55
31 55 54
31 54 22
31 22 21
31 54 53
31 53 52
31 52 31
31 31 23
31 31 30
31 30 29
31 29 28
31 28 25
31 25 24
31 28 27
31 27 26
31 52 51
31 51 50
31 50 37
31 37 32
31 37 36
31 36 35
31 35 33
31 35 34
31 50 49
31 49 45
31 45 38
31 45 44
31 44 42
31 42 41
31 41 39
31 41 40
31 44 43
31 49 48
31 48 46
31 48 47
32 49 47
32 47 43
32 43 19
32 19 17
32 17 0
32 17 16
32 16 15
32 15 14
32 14 11
32 11 9
32 9 5
32 5 4
32 4 3
32 3 2
32 2 1
32 9 8
32 8 6
32 8 7
32 11 10
32 14 13
32 13 12
32 19 18
32 43 42
32 42 41
32 41 40
32 40 20
32 40 39
32 39 27
32 27 25
32 25 21
32 25 24
32 24 22
32 24 23
32 27 26
32 39 38
32 38 37
32 37 36
32 36 30
32 30 28
32 30 29
32 36 35
32 35 33
32 33 31
32 33 32
32 35 34
32 47 46
32 46 44
32 46 45
32 49 48
33 59 53
33 53 52
33 52 51
33 51 48
33 48 11
33 11 9
33 9 5
33 5 0
33 5 4
33 4 2
33 2 1
33 4 3
33 9 8
33 8 6
33 8 7
33 11 10
33 48 47
33 47 45
33 45 44
33 44 14
33 14 13
33 13 12
33 44 43
33 43 42
33 42 40
33 40 39
33 39 33
33 33 32
33 32 31
33 31 15
33 31 30
33 30 27
33 27 25
33 25 24
33 24 16
33 24 23
33 23 17
33 23 22
33 22 21
33 21 18
33 21 20
33 20 19
33 27 26
33 30 29
33 29 28
33 39 38
33 38 34
33 38 37
33 37 36
33 36 35
33 42 41
33 47 46
33 51 50
33 50 49
33 59 58
33 58 57
33 57 56
33 56 55
33 55 54
34 57 0
34 57 56
34 56 12
34 12 1
34 12 11
34 11 10
34 10 2
34 10 9
34 9 3
34 9 8
34 8 7
34 7 6
34 6 5
34 5 4
34 56 55
34 55 53
34 53 44
34 44 43
34 43 42
34 42 14
34 14 13
34 42 41
34 41 21
34 21 20
34 20 19
34 19 17
34 17 15
34 17 16
34 19 18
34 41 40
34 40 38
34 38 34
34 34 31
34 31 30
34 30 28
34 28 27
34 27 22
34 27 26
34 26 23
34 26 25
34 25 24
34 30 29
34 34 33
34 33 32
34 38 37
34 37 35
34 37 36
34 40 39
34 53 52
34 52 50
34 50 48
34 48 47
34 47 46
34 46 45
34 50 49
34 52 51
34 55 54
35 54 51
35 51 1
35 1 0
35 51 50
35 50 49
35 49 47
35 47 2
35 47 46
35 46 44
35 44 3
35 44 43
35 43 40
35 40 24
35 24 22
35 22 20
35 20 11
35 11 10
35 10 6
35 6 5
35 5 4
35 10 9
35 9 7
35 9 8
35 20 19
35 19 18
35 18 15
35 15 14
35 14 13
35 13 12
35 18 17
35 17 16
35 22 21
35 24 23
35 40 39
35 39 38
35 38 36
35 36 34
35 34 33
35 33 32
35 32 30
35 30 29
35 29 28
35 28 26
35 26 25
35 28 27
35 32 31
35 36 35
35 38 37
35 43 42
35 42 41
35 46 45
35 49 48
35 54 53
35 53 52
36 51 49
36 49 38
36 38 9
36 9 0
36 9 8
36 8 5
36 5 3
36 3 1
36 3 2
36 5 4
36 8 7
36 7 6
36 38 37
36 37 33
36 33 10
36 33 32
36 32 31
36 31 12
36 12 11
36 31 30
36 30 29
36 29 28
36 28 13
36 28 27
36 27 26
36 26 15
36 15 14
36 26 25
36 25 22
36 22 21
36 21 16
36 21 20
36 20 17
36 20 19
36 19 18
36 25 24
36 24 23
36 37 36
36 36 34
36 36 35
36 49 48
36 48 47
36 47 43
36 43 40
36 40 39
36 43 42
36 42 41
36 47 46
36 46 45
36 45 44
36 51 50
37 56 55
37 55 54
37 54 14
37 14 9
37 9 2
37 2 0
37 2 1
37 9 8
37 8 5
37 5 3
37 5 4
37 8 7
37 7 6
37 14 13
37 13 12
37 12 11
37 11 10
37 54 53
37 53 51
37 51 15
37 51 50
37 50 49
37 49 34
37 34 32
37 32 30
37 30 20
37 20 18
37 18 17
37 17 16
37 20 19
37 30 29
37 29 21
37 29 28
37 28 27
37 27 25
37 25 24
37 24 22
37 24 23
37 27 26
37 32 31
37 34 33
37 49 48
37 48 47
37 47 35
37 47 46
37 46 38
37 38 37
37 37 36
37 46 45
37 45 44
37 44 43
37 43 41
37 41 39
37 41 40
37 43 42
37 53 52
38 54 53
38 53 47
38 47 43
38 43 41
38 41 7
38 7 6
38 6 0
38 6 5
38 5 1
38 5 4
38 4 3
38 3 2
38 41 40
38 40 8
38 40 39
38 39 38
38 38 37
38 37 36
38 36 9
38 36 35
38 35 12
38 12 11
38 11 10
38 35 34
38 34 33
38 33 32
38 32 31
38 31 14
38 14 13
38 31 30
38 30 24
38 24 15
38 24 23
38 23 22
38 22 19
38 19 16
38 19 18
38 18 17
38 22 21
38 21 20
38 30 29
38 29 28
38 28 27
38 27 25
38 27 26
38 43 42
38 47 46
38 46 45
38 45 44
38 53 52
38 52 51
38 51 50
38 50 49
38 49 48
39 57 55
39 55 4
39 4 1
39 1 0
39 4 3
39 3 2
39 55 54
39 54 51
39 51 50
39 50 49
39 49 47
39 47 46
39 46 45
39 45 5
39 45 44
39 44 6
39 44 43
39 43 11
39 11 8
39 8 7
39 11 10
39 10 9
39 43 42
39 42 40
39 40 39
39 39 24
39 24 23
39 23 22
39 22 18
39 18 12
39 18 17
39 17 16
39 16 13
39 16 15
39 15 14
39 22 21
39 21 19
39 21 20
39 39 38
39 38 26
39 26 25
39 38 37
39 37 32
39 32 31
39 31 28
39 28 27
39 31 30
39 30 29
39 37 36
39 36 35
39 35 34
39 34 33
39 42 41
39 49 48
39 54 53
39 53 52
39 57 56
40 51 47
40 47 43
40 43 42
40 42 41
40 41 38
40 38 3
40 3 0
40 3 2
40 2 1
40 38 37
40 37 36
40 36 33
40 33 30
40 30 29
40 29 6
40 6 4
40 6 5
40 29 28
40 28 11
40 11 10
40 10 8
40 8 7
40 10 9
40 28 27
40 27 16
40 16 15
40 15 12
40 15 14
40 14 13
40 27 26
40 26 25
40 25 24
40 24 23
40 23 17
40 23 22
40 22 19
40 19 18
40 22 21
40 21 20
40 33 32
40 32 31
40 36 35
40 35 34
40 41 40
40 40 39
40 47 46
40 46 45
40 45 44
40 51 50
40 50 49
40 49 48
41 52 1
41 1 0
41 52 51
41 51 47
41 47 5
41 5 2
41 5 4
41 4 3
41 47 46
41 46 6
41 46 45
41 45 8
41 8 7
41 45 44
41 44 29
41 29 9
41 29 28
41 28 27
41 27 25
41 25 23
41 23 15
41 15 14
41 14 10
41 14 13
41 13 11
41 13 12
41 23 22
41 22 16
41 22 21
41 21 20
41 20 19
41 19 18
41 18 17
41 25 24
41 27 26
41 44 43
41 43 42
41 42 41
41 41 40
41 40 39
41 39 38
41 38 37
41 37 33
41 33 31
41 31 30
41 33 32
41 37 36
41 36 35
41 35 34
41 51 50
41 50 49
41 49 48
42 53 2
42 2 1
42 1 0
42 53 52
42 52 51
42 51 6
42 6 5
42 5 4
42 4 3
42 51 50
42 50 49
42 49 44
42 44 8
42 8 7
42 44 43
42 43 11
42 11 10
42 10 9
42 43 42
42 42 13
42 13 12
42 42 41
42 41 32
42 32 21
42 21 16
42 16 15
42 15 14
42 21 20
42 20 17
42 20 19
42 19 18
42 32 31
42 31 27
42 27 26
42 26 24
42 24 22
42 24 23
42 26 25
42 31 30
42 30 29
42 29 28
42 41 40
42 40 34
42 34 33
42 40 39
42 39 38
42 38 37
42 37 35
42 37 36
42 49 48
42 48 47
42 47 46
42 46 45
43 55 54
43 54 53
43 53 52
43 52 51
43 51 46
43 46 35
43 35 34
43 34 32
43 32 27
43 27 0
43 27 26
43 26 24
43 24 21
43 21 13
43 13 11
43 11 9
43 9 2
43 2 1
43 9 8
43 8 3
43 8 7
43 7 6
43 6 5
43 5 4
43 11 10
43 13 12
43 21 20
43 20 19
43 19 18
43 18 16
43 16 14
43 16 15
43 18 17
43 24 23
43 23 22
43 26 25
43 32 31
43 31 28
43 31 30
43 30 29
43 34 33
43 46 45
43 45 38
43 38 36
43 38 37
43 45 44
43 44 40
43 40 39
43 44 43
43 43 42
43 42 41
43 51 50
43 50 47
43 50 49
43 49 48
44 54 53
44 53 52
44 52 50
44 50 49
44 49 48
44 48 0
44 48 47
44 47 45
44 45 1
44 45 44
44 44 14
44 14 9
44 9 8
44 8 4
44 4 3
44 3 2
44 8 7
44 7 5
44 7 6
44 14 13
44 13 12
44 12 11
44 11 10
44 44 43
44 43 28
44 28 27
44 27 19
44 19 18
44 18 16
44 16 15
44 18 17
44 27 26
44 26 22
44 22 20
44 22 21
44 26 25
44 25 23
44 25 24
44 43 42
44 42 37
44 37 36
44 36 35
44 35 34
44 34 33
44 33 30
44 30 29
44 33 32
44 32 31
44 42 41
44 41 40
44 40 38
44 40 39
44 47 46
44 52 51
45 58 57
45 57 54
45 54 1
45 1 0
45 54 53
45 53 3
45 3 2
45 53 52
45 52 51
45 51 50
45 50 48
45 48 46
45 46 4
45 46 45
45 45 42
45 42 7
45 7 5
45 7 6
45 42 41
45 41 40
45 40 8
45 40 39
45 39 38
45 38 37
45 37 17
45 17 9
45 17 16
45 16 10
45 16 15
45 15 14
45 14 12
45 12 11
45 14 13
45 37 36
45 36 21
45 21 18
45 21 20
45 20 19
45 36 35
45 35 24
45 24 23
45 23 22
45 35 34
45 34 30
45 30 26
45 26 25
45 30 29
45 29 28
45 28 27
45 34 33
45 33 31
45 33 32
45 45 44
45 44 43
45 48 47
45 50 49
45 57 56
45 56 55
46 53 33
46 33 1
46 1 0
46 33 32
46 32 31
46 31 30
46 30 29
46 29 2
46 29 28
46 28 27
46 27 26
46 26 25
46 25 14
46 14 3
46 14 13
46 13 12
46 12 8
46 8 7
46 7 6
46 6 5
46 5 4
46 12 11
46 11 10
46 10 9
46 25 24
46 24 22
46 22 16
46 16 15
46 22 21
46 21 20
46 20 19
46 19 17
46 19 18
46 24 23
46 53 52
46 52 51
46 51 50
46 50 36
46 36 35
46 35 34
46 50 49
46 49 38
46 38 37
46 49 48
46 48 39
46 48 47
46 47 40
46 47 46
46 46 41
46 46 45
46 45 43
46 43 42
46 45 44
47 58 4
47 4 3
47 3 0
47 3 2
47 2 1
47 58 57
47 57 55
47 55 17
47 17 16
47 16 5
47 16 15
47 15 14
47 14 7
47 7 6
47 14 13
47 13 10
47 10 9
47 9 8
47 13 12
47 12 11
47 55 54
47 54 52
47 52 51
47 51 49
47 49 21
47 21 20
47 20 18
47 20 19
47 49 48
47 48 24
47 24 22
47 24 23
47 48 47
47 47 46
47 46 41
47 41 40
47 40 39
47 39 25
47 39 38
47 38 29
47 29 26
47 29 28
47 28 27
47 38 37
47 37 36
47 36 35
47 35 33
47 33 30
47 33 32
47 32 31
47 35 34
47 46 45
47 45 44
47 44 42
47 44 43
47 51 50
47 54 53
47 57 56
48 50 1
48 1 0
48 50 49
48 49 2
48 49 48
48 48 47
48 47 26
48 26 22
48 22 20
48 20 19
48 19 14
48 14 10
48 10 6
48 6 5
48 5 4
48 4 3
48 10 9
48 9 8
48 8 7
48 14 13
48 13 11
48 13 12
48 19 18
48 18 16
48 16 15
48 18 17
48 22 21
48 26 25
48 25 23
48 25 24
48 47 46
48 46 39
48 39 37
48 37 33
48 33 32
48 32 31
48 31 27
48 31 30
48 30 29
48 29 28
48 37 36
48 36 35
48 35 34
48 39 38
48 46 45
48 45 42
48 42 40
48 42 41
48 45 44
48 44 43
49 56 54
49 54 52
49 52 0
49 52 51
49 51 50
49 50 48
49 48 47
49 47 1
49 47 46
49 46 3
49 3 2
49 46 45
49 45 44
49 44 6
49 6 4
49 6 5
49 44 43
49 43 20
49 20 8
49 8 7
49 20 19
49 19 18
49 18 13
49 13 9
49 13 12
49 12 10
49 12 11
49 18 17
49 17 14
49 17 16
49 16 15
49 43 42
49 42 25
49 25 22
49 22 21
49 25 24
49 24 23
49 42 41
49 41 40
49 40 29
49 29 28
49 28 27
49 27 26
49 40 39
49 39 32
49 32 30
49 32 31
49 39 38
49 38 34
49 34 33
49 38 37
49 37 36
49 36 35
49 50 49
49 54 53
49 56 55
50 57 55
50 55 21
50 21 20
50 20 18
50 18 14
50 14 12
50 12 7
50 7 2
50 2 0
50 2 1
50 7 6
50 6 4
50 4 3
50 6 5
50 12 11
50 11 10
50 10 8
50 10 9
50 14 13
50 18 17
50 17 16
50 16 15
50 20 19
50 55 54
50 54 53
50 53 22
50 53 52
50 52 25
50 25 23
50 25 24
50 52 51
50 51 26
50 51 50
50 50 27
50 50 49
50 49 39
50 39 38
50 38 29
50 29 28
50 38 37
50 37 36
50 36 35
50 35 33
50 33 32
50 32 30
50 32 31
50 35 34
50 49 48
50 48 47
50 47 43
50 43 42
50 42 40
50 42 41
50 47 46
50 46 44
50 46 45
50 57 56
51 54 53
51 53 51
51 51 8
51 8 3
51 3 2
51 2 0
51 2 1
51 8 7
51 7 6
51 6 5
51 5 4
51 51 50
51 50 49
51 49 46
51 46 45
51 45 41
51 41 40
51 40 39
51 39 36
51 36 28
51 28 27
51 27 14
51 14 9
51 14 13
51 13 11
51 11 10
51 13 12
51 27 26
51 26 25
51 25 16
51 16 15
51 25 24
51 24 23
51 23 22
51 22 20
51 20 17
51 20 19
51 19 18
51 22 21
51 36 35
51 35 33
51 33 32
51 32 31
51 31 29
51 31 30
51 35 34
51 39 38
51 38 37
51 45 44
51 44 43
51 43 42
51 49 48
51 48 47
51 53 52
