0 7 1
0 1 0
0 0 4
0 4 8
0 8 14
0 14 2
0 2 6
0 6 13
0 13 11
1 4 5
1 5 14
1 14 6
1 6 2
1 2 7
1 7 0
1 0 9
1 9 8
1 8 10
2 4 2
2 2 12
2 12 13
2 13 7
2 7 1
2 1 0
2 0 11
2 11 6
2 6 10
3 3 10
3 10 13
3 13 1
3 1 9
3 9 0
3 0 14
3 14 12
3 12 11
3 11 8
4 14 5
4 5 3
4 3 6
4 6 1
4 1 4
4 4 8
4 8 0
4 0 12
4 12 7
5 1 3
5 3 10
5 10 8
5 8 7
5 7 13
5 13 6
5 6 14
5 14 2
5 2 12
6 13 8
6 8 7
6 7 2
6 2 6
6 6 5
6 5 11
6 11 0
6 0 9
6 9 1
7 13 6
7 6 14
7 14 3
7 3 4
7 4 8
7 8 9
7 9 5
7 5 12
7 12 1
8 3 13
8 13 6
8 6 9
8 9 14
8 14 4
8 4 11
8 11 0
8 0 8
8 8 5
9 7 10
9 10 5
9 5 4
9 4 6
9 6 13
9 13 3
9 3 8
9 8 2
9 2 1
10 4 7
10 7 0
10 0 5
10 5 9
10 9 3
10 3 13
10 13 10
10 10 1
10 1 14
11 6 5
11 5 1
11 1 7
11 7 4
11 4 9
11 9 2
11 2 8
11 8 12
11 12 3
12 2 1
12 1 8
12 8 6
12 6 0
12 0 5
12 5 14
12 14 4
12 4 12
12 12 13
13 8 13
13 13 2
13 2 1
13 1 14
13 14 5
13 5 11
13 11 0
13 0 4
13 4 6
14 11 0
14 0 13
14 13 12
14 12 8
14 8 5
14 5 1
14 1 4
14 4 7
14 7 14
15 3 12
15 12 5
15 5 2
15 2 0
15 0 7
15 7 4
15 4 10
15 10 1
15 1 11
16 4 1
16 1 6
16 6 11
16 11 8
16 8 0
16 0 10
16 10 3
16 3 7
16 7 2
17 0 9
17 9 1
17 1 7
17 7 14
17 14 12
17 12 11
17 11 5
17 5 10
17 10 2
18 0 5
18 5 10
18 10 2
18 2 9
18 9 14
18 14 11
18 11 4
18 4 13
18 13 1
19 7 11
19 11 3
19 3 1
19 1 12
19 12 5
19 5 14
19 14 4
19 4 8
19 8 9
20 10 4
20 4 0
20 0 7
20 7 3
20 3 14
20 14 11
20 11 1
20 1 6
20 6 9
21 7 2
21 2 11
21 11 4
21 4 0
21 0 14
21 14 3
21 3 12
21 12 8
21 8 9
22 3 8
22 8 10
22 10 4
22 4 0
22 0 9
22 9 13
22 13 14
22 14 2
22 2 12
23 11 8
23 8 5
23 5 4
23 4 10
23 10 0
23 0 2
23 2 1
23 1 14
23 14 12
24 4 9
24 9 1
24 1 10
24 10 6
24 6 3
24 3 13
24 13 8
24 8 12
24 12 2
25 11 1
25 1 3
25 3 8
25 8 9
25 9 13
25 13 4
25 4 0
25 0 14
25 14 12
26 1 11
26 11 2
26 2 3
26 3 9
26 9 13
26 13 6
26 6 10
26 10 12
26 12 4
27 4 5
27 5 0
27 0 7
27 7 14
27 14 12
27 12 13
27 13 11
27 11 3
27 3 2
28 12 14
28 14 9
28 9 2
28 2 8
28 8 7
28 7 6
28 6 10
28 10 4
28 4 13
29 9 12
29 12 3
29 3 4
29 4 5
29 5 8
29 8 7
29 7 14
29 14 13
29 13 10
30 8 14
30 14 5
30 5 2
30 2 13
30 13 4
30 4 7
30 7 11
30 11 3
30 3 12
31 10 13
31 13 4
31 4 9
31 9 0
31 0 11
31 11 5
31 5 2
31 2 1
31 1 8
32 11 1
32 1 13
32 13 6
32 6 12
32 12 14
32 14 2
32 2 4
32 4 7
32 7 3
33 11 10
33 10 0
33 0 14
33 14 4
33 4 12
33 12 1
33 1 2
33 2 5
33 5 3
34 7 4
34 4 10
34 10 13
34 13 6
34 6 2
34 2 11
34 11 12
34 12 3
34 3 5
35 10 3
35 3 6
35 6 12
35 12 0
35 0 7
35 7 14
35 14 9
35 9 1
35 1 13
36 9 4
36 4 10
36 10 1
36 1 13
36 13 3
36 3 12
36 12 5
36 5 7
36 7 11
37 4 6
37 6 12
37 12 13
37 13 7
37 7 1
37 1 2
37 2 10
37 10 9
37 9 14
38 2 1
38 1 7
38 7 13
38 13 8
38 8 10
38 10 12
38 12 14
38 14 11
38 11 4
39 1 3
39 3 8
39 8 0
39 0 4
39 4 9
39 9 12
39 12 2
39 2 5
39 5 7
40 1 0
40 0 7
40 7 8
40 8 14
40 14 4
40 4 5
40 5 2
40 2 3
40 3 11
41 10 12
41 12 0
41 0 6
41 6 8
41 8 9
41 9 11
41 11 3
41 3 14
41 14 2
42 10 2
42 2 5
42 5 14
42 14 0
42 0 4
42 4 3
42 3 7
42 7 13
42 13 9
43 3 5
43 5 11
43 11 10
43 10 9
43 9 2
43 2 7
43 7 4
43 4 1
43 1 12
44 7 9
44 9 2
44 2 3
44 3 12
44 12 4
44 4 5
44 5 11
44 11 10
44 10 6
45 10 1
45 1 8
45 8 6
45 6 5
45 5 12
45 12 11
45 11 4
45 4 13
45 13 9
46 12 1
46 1 3
46 3 8
46 8 6
46 6 10
46 10 9
46 9 13
46 13 0
46 0 4
47 13 3
47 3 8
47 8 2
47 2 9
47 9 4
47 4 1
47 1 10
47 10 14
47 14 11
48 5 10
48 10 1
48 1 8
48 8 11
48 11 2
48 2 3
48 3 7
48 7 4
48 4 6
49 6 4
49 4 0
49 0 1
49 1 11
49 11 8
49 8 2
49 2 10
49 10 7
49 7 9
50 11 6
50 6 9
50 9 0
50 0 3
50 3 4
50 4 2
50 2 8
50 8 5
50 5 14
51 6 4
51 4 11
51 11 10
51 10 7
51 7 0
51 0 1
51 1 8
51 8 13
51 13 3
52 1 12
52 12 0
52 0 14
52 14 11
52 11 2
52 2 4
52 4 6
52 6 5
52 5 13
53 3 0
53 0 5
53 5 6
53 6 8
53 8 10
53 10 2
53 2 12
53 12 1
53 1 7
54 9 10
54 10 8
54 8 12
54 12 5
54 5 4
54 4 3
54 3 1
54 1 6
54 6 7
55 14 11
55 11 3
55 3 5
55 5 6
55 6 0
55 0 2
55 2 4
55 4 10
55 10 1
56 1 2
56 2 7
56 7 5
56 5 4
56 4 3
56 3 8
56 8 14
56 14 0
56 0 13
57 11 3
57 3 7
57 7 12
57 12 4
57 4 14
57 14 10
57 10 9
57 9 1
57 1 6
58 3 14
58 14 8
58 8 2
58 2 4
58 4 0
58 0 9
58 9 10
58 10 7
58 7 12
59 14 7
59 7 4
59 4 12
59 12 2
59 2 10
59 10 3
59 3 0
59 0 9
59 9 5
60 10 9
60 9 5
60 5 3
60 3 7
60 7 1
60 1 11
60 11 2
60 2 8
60 8 13
61 5 12
61 12 10
61 10 11
61 11 6
61 6 14
61 14 7
61 7 8
61 8 1
61 1 13
62 2 13
62 13 9
62 9 4
62 4 5
62 5 14
62 14 7
62 7 6
62 6 12
62 12 0
63 1 12
63 12 6
63 6 2
63 2 8
63 8 13
63 13 11
63 11 7
63 7 3
63 3 9
64 14 13
64 13 10
64 10 4
64 4 12
64 12 3
64 3 6
64 6 9
64 9 1
64 1 2
65 13 12
65 12 4
65 4 0
65 0 3
65 3 7
65 7 14
65 14 10
65 10 8
65 8 6
66 12 13
66 13 6
66 6 1
66 1 5
66 5 9
66 9 8
66 8 7
66 7 2
66 2 14
67 7 3
67 3 5
67 5 8
67 8 2
67 2 10
67 10 14
67 14 9
67 9 11
67 11 13
68 4 14
68 14 11
68 11 9
68 9 2
68 2 5
68 5 7
68 7 0
68 0 12
68 12 6
69 1 12
69 12 11
69 11 14
69 14 10
69 10 3
69 3 2
69 2 6
69 6 13
69 13 5
70 1 4
70 4 0
70 0 6
70 6 3
70 3 5
70 5 7
70 7 11
70 11 2
70 2 9
71 9 5
71 5 3
71 3 2
71 2 1
71 1 8
71 8 7
71 7 0
71 0 14
71 14 11
72 13 2
72 2 12
72 12 9
72 9 3
72 3 0
72 0 1
72 1 4
72 4 8
72 8 7
73 2 7
73 7 14
73 14 8
73 8 6
73 6 1
73 1 11
73 11 5
73 5 10
73 10 9
74 3 1
74 1 4
74 4 13
74 13 14
74 14 12
74 12 6
74 6 0
74 0 9
74 9 11
75 14 3
75 3 9
75 9 10
75 10 0
75 0 5
75 5 12
75 12 2
75 2 4
75 4 13
76 2 7
76 7 1
76 1 0
76 0 13
76 13 6
76 6 12
76 12 14
76 14 10
76 10 11
77 3 10
77 10 1
77 1 14
77 14 12
77 12 2
77 2 0
77 0 9
77 9 4
77 4 13
78 13 2
78 2 10
78 10 9
78 9 11
78 11 1
78 1 14
78 14 7
78 7 0
78 0 8
79 1 4
79 4 5
79 5 6
79 6 13
79 13 3
79 3 2
79 2 10
79 10 14
79 14 8
80 8 6
80 6 14
80 14 13
80 13 2
80 2 9
80 9 11
80 11 7
80 7 4
80 4 10
81 5 12
81 12 7
81 7 10
81 10 0
81 0 8
81 8 13
81 13 9
81 9 4
81 4 14
82 14 12
82 12 3
82 3 2
82 2 5
82 5 11
82 11 4
82 4 1
82 1 7
82 7 13
83 14 9
83 9 8
83 8 2
83 2 10
83 10 0
83 0 3
83 3 11
83 11 5
83 5 13
84 7 14
84 14 2
84 2 8
84 8 4
84 4 13
84 13 0
84 0 11
84 11 10
84 10 1
85 10 5
85 5 14
85 14 3
85 3 0
85 0 11
85 11 12
85 12 2
85 2 1
85 1 7
86 1 6
86 6 8
86 8 10
86 10 12
86 12 9
86 9 4
86 4 5
86 5 0
86 0 14
87 11 3
87 3 7
87 7 0
87 0 6
87 6 4
87 4 9
87 9 13
87 13 5
87 5 8
88 11 2
88 2 7
88 7 5
88 5 13
88 13 3
88 3 9
88 9 4
88 4 1
88 1 12
89 7 14
89 14 4
89 4 2
89 2 5
89 5 9
89 9 3
89 3 1
89 1 6
89 6 12
90 14 4
90 4 11
90 11 7
90 7 10
90 10 2
90 2 1
90 1 0
90 0 8
90 8 12
91 4 11
91 11 2
91 2 5
91 5 3
91 3 1
91 1 14
91 14 10
91 10 13
91 13 6
92 6 5
92 5 14
92 14 13
92 13 7
92 7 1
92 1 8
92 8 0
92 0 2
92 2 4
93 7 2
93 2 8
93 8 1
93 1 12
93 12 6
93 6 0
93 0 3
93 3 10
93 10 11
94 11 1
94 1 2
94 2 5
94 5 12
94 12 9
94 9 6
94 6 13
94 13 8
94 8 14
95 6 10
95 10 12
95 12 13
95 13 9
95 9 8
95 8 0
95 0 2
95 2 11
95 11 14
96 10 3
96 3 13
96 13 2
96 2 5
96 5 7
96 7 6
96 6 11
96 11 9
96 9 12
97 8 0
97 0 1
97 1 2
97 2 7
97 7 5
97 5 9
97 9 11
97 11 4
97 4 14
98 14 13
98 13 6
98 6 4
98 4 11
98 11 5
98 5 12
98 12 9
98 9 8
98 8 3
99 8 4
99 4 5
99 5 13
99 13 14
99 14 9
99 9 11
99 11 2
99 2 0
99 0 12
