0 13 2
0 2 5
0 5 3
0 3 10
0 10 7
0 7 12
0 12 11
0 11 14
0 14 0
1 9 13
1 13 4
1 4 12
1 12 5
1 5 11
1 11 6
1 6 14
1 14 3
1 3 7
2 6 7
2 7 8
2 8 13
2 13 2
2 2 4
2 4 9
2 9 14
2 14 0
2 0 1
3 13 0
3 0 12
3 12 5
3 5 3
3 3 11
3 11 2
3 2 7
3 7 14
3 14 1
4 10 5
4 5 11
4 11 4
4 4 3
4 3 14
4 14 13
4 13 2
4 2 7
4 7 0
5 9 5
5 5 13
5 13 14
5 14 10
5 10 12
5 12 7
5 7 0
5 0 1
5 1 3
6 12 13
6 13 6
6 6 10
6 10 2
6 2 9
6 9 0
6 0 14
6 14 8
6 8 5
7 2 0
7 0 6
7 6 14
7 14 3
7 3 13
7 13 11
7 11 10
7 10 8
7 8 1
8 5 1
8 1 3
8 3 0
8 0 9
8 9 4
8 4 7
8 7 10
8 10 6
8 6 8
9 14 7
9 7 5
9 5 2
9 2 8
9 8 13
9 13 12
9 12 1
9 1 0
9 0 4
10 0 4
10 4 7
10 7 10
10 10 5
10 5 6
10 6 11
10 11 13
10 13 1
10 1 2
11 9 10
11 10 8
11 8 6
11 6 5
11 5 2
11 2 3
11 3 1
11 1 7
11 7 14
12 2 7
12 7 5
12 5 8
12 8 10
12 10 1
12 1 6
12 6 13
12 13 4
12 4 3
13 10 8
13 8 6
13 6 0
13 0 3
13 3 7
13 7 1
13 1 11
13 11 13
13 13 12
14 10 9
14 9 14
14 14 7
14 7 13
14 13 8
14 8 11
14 11 6
14 6 1
14 1 0
15 13 4
15 4 6
15 6 8
15 8 7
15 7 0
15 0 1
15 1 11
15 11 2
15 2 3
16 12 6
16 6 0
16 0 9
16 9 14
16 14 3
16 3 7
16 7 11
16 11 4
16 4 8
17 13 11
17 11 10
17 10 7
17 7 6
17 6 12
17 12 4
17 4 5
17 5 9
17 9 2
18 10 4
18 4 13
18 13 5
18 5 8
18 8 11
18 11 14
18 14 1
18 1 12
18 12 9
19 5 8
19 8 14
19 14 6
19 6 2
19 2 13
19 13 10
19 10 9
19 9 3
19 3 1
20 2 3
20 3 13
20 13 4
20 4 14
20 14 9
20 9 12
20 12 7
20 7 0
20 0 1
21 14 10
21 10 5
21 5 4
21 4 12
21 12 1
21 1 9
21 9 2
21 2 7
21 7 13
22 3 10
22 10 14
22 14 0
22 0 1
22 1 11
22 11 8
22 8 5
22 5 2
22 2 9
23 9 12
23 12 1
23 1 4
23 4 6
23 6 0
23 0 14
23 14 11
23 11 13
23 13 8
24 9 4
24 4 6
24 6 5
24 5 1
24 1 0
24 0 3
24 3 12
24 12 14
24 14 11
25 8 13
25 13 12
25 12 3
25 3 9
25 9 5
25 5 0
25 0 10
25 10 1
25 1 7
26 13 6
26 6 11
26 11 3
26 3 0
26 0 4
26 4 1
26 1 2
26 2 5
26 5 8
27 10 7
27 7 11
27 11 0
27 0 6
27 6 14
27 14 5
27 5 8
27 8 4
27 4 13
28 11 9
28 9 8
28 8 0
28 0 4
28 4 13
28 13 2
28 2 3
28 3 14
28 14 6
29 3 7
29 7 1
29 1 10
29 10 14
29 14 12
29 12 13
29 13 6
29 6 2
29 2 4
30 0 3
30 3 9
30 9 7
30 7 13
30 13 5
30 5 10
30 10 1
30 1 11
30 11 2
31 1 2
31 2 0
31 0 12
31 12 10
31 10 11
31 11 3
31 3 9
31 9 7
31 7 13
32 8 12
32 12 1
32 1 6
32 6 3
32 3 9
32 9 11
32 11 14
32 14 10
32 10 2
33 12 1
33 1 14
33 14 10
33 10 11
33 11 8
33 8 4
33 4 9
33 9 3
33 3 0
34 8 4
34 4 2
34 2 7
34 7 12
34 12 14
34 14 9
34 9 5
34 5 11
34 11 13
35 8 3
35 3 12
35 12 1
35 1 0
35 0 2
35 2 13
35 13 9
35 9 14
35 14 4
36 10 13
36 13 4
36 4 3
36 3 11
36 11 9
36 9 7
36 7 14
36 14 12
36 12 2
37 2 0
37 0 4
37 4 1
37 1 14
37 14 8
37 8 10
37 10 12
37 12 5
37 5 6
38 10 8
38 8 12
38 12 0
38 0 3
38 3 13
38 13 4
38 4 7
38 7 11
38 11 14
39 9 8
39 8 5
39 5 13
39 13 10
39 10 0
39 0 12
39 12 4
39 4 14
39 14 3
40 0 10
40 10 9
40 9 12
40 12 3
40 3 14
40 14 8
40 8 1
40 1 7
40 7 13
41 11 13
41 13 14
41 14 12
41 12 10
41 10 2
41 2 4
41 4 3
41 3 8
41 8 0
42 14 1
42 1 6
42 6 7
42 7 11
42 11 8
42 8 12
42 12 2
42 2 4
42 4 9
43 7 6
43 6 2
43 2 11
43 11 1
43 1 12
43 12 13
43 13 4
43 4 10
43 10 3
44 0 2
44 2 5
44 5 8
44 8 9
44 9 14
44 14 11
44 11 12
44 12 3
44 3 6
45 5 13
45 13 7
45 7 4
45 4 10
45 10 2
45 2 9
45 9 3
45 3 0
45 0 8
46 10 1
46 1 12
46 12 3
46 3 11
46 11 8
46 8 6
46 6 0
46 0 9
46 9 5
47 3 10
47 10 4
47 4 12
47 12 7
47 7 5
47 5 8
47 8 9
47 9 13
47 13 1
48 4 9
48 9 6
48 6 7
48 7 13
48 13 14
48 14 11
48 11 3
48 3 1
48 1 8
49 8 7
49 7 5
49 5 12
49 12 14
49 14 0
49 0 3
49 3 13
49 13 2
49 2 6
50 12 11
50 11 13
50 13 6
50 6 3
50 3 8
50 8 1
50 1 4
50 4 0
50 0 14
51 9 10
51 10 14
51 14 2
51 2 11
51 11 4
51 4 12
51 12 6
51 6 3
51 3 1
52 7 13
52 13 12
52 12 10
52 10 11
52 11 6
52 6 9
52 9 8
52 8 5
52 5 3
53 10 9
53 9 11
53 11 13
53 13 1
53 1 4
53 4 12
53 12 2
53 2 3
53 3 14
54 13 0
54 0 14
54 14 6
54 6 8
54 8 2
54 2 5
54 5 3
54 3 10
54 10 1
55 11 12
55 12 0
55 0 14
55 14 4
55 4 7
55 7 3
55 3 10
55 10 8
55 8 1
56 10 12
56 12 7
56 7 2
56 2 13
56 13 11
56 11 9
56 9 4
56 4 1
56 1 8
57 9 3
57 3 12
57 12 2
57 2 5
57 5 13
57 13 14
57 14 7
57 7 10
57 10 11
58 4 14
58 14 11
58 11 1
58 1 6
58 6 8
58 8 10
58 10 0
58 0 13
58 13 2
59 6 5
59 5 3
59 3 7
59 7 1
59 1 0
59 0 8
59 8 13
59 13 4
59 4 12
60 13 1
60 1 5
60 5 2
60 2 0
60 0 3
60 3 7
60 7 6
60 6 9
60 9 14
61 2 12
61 12 13
61 13 1
61 1 4
61 4 3
61 3 14
61 14 5
61 5 6
61 6 10
62 5 9
62 9 8
62 8 1
62 1 14
62 14 0
62 0 3
62 3 11
62 11 2
62 2 10
63 6 11
63 11 0
63 0 8
63 8 7
63 7 13
63 13 9
63 9 1
63 1 12
63 12 10
64 0 11
64 11 1
64 1 12
64 12 9
64 9 8
64 8 2
64 2 4
64 4 3
64 3 14
65 3 2
65 2 4
65 4 8
65 8 0
65 0 6
65 6 1
65 1 5
65 5 9
65 9 11
66 3 11
66 11 1
66 1 2
66 2 8
66 8 4
66 4 6
66 6 10
66 10 12
66 12 14
67 11 9
67 9 13
67 13 8
67 8 7
67 7 3
67 3 6
67 6 5
67 5 0
67 0 10
68 14 0
68 0 7
68 7 9
68 9 1
68 1 5
68 5 6
68 6 8
68 8 12
68 12 10
69 6 4
69 4 11
69 11 3
69 3 2
69 2 10
69 10 13
69 13 14
69 14 12
69 12 8
70 7 3
70 3 2
70 2 12
70 12 8
70 8 10
70 10 9
70 9 1
70 1 13
70 13 5
71 5 7
71 7 9
71 9 0
71 0 11
71 11 1
71 1 3
71 3 13
71 13 8
71 8 6
72 3 13
72 13 4
72 4 1
72 1 12
72 12 7
72 7 8
72 8 2
72 2 6
72 6 10
73 2 4
73 4 10
73 10 12
73 12 1
73 1 13
73 13 5
73 5 0
73 0 14
73 14 8
74 13 10
74 10 0
74 0 11
74 11 14
74 14 5
74 5 8
74 8 1
74 1 2
74 2 12
75 10 1
75 1 7
75 7 5
75 5 6
75 6 2
75 2 12
75 12 4
75 4 8
75 8 13
76 4 5
76 5 8
76 8 9
76 9 14
76 14 12
76 12 6
76 6 1
76 1 2
76 2 7
77 1 7
77 7 5
77 5 0
77 0 6
77 6 8
77 8 4
77 4 11
77 11 10
77 10 14
78 7 3
78 3 4
78 4 0
78 0 2
78 2 8
78 8 14
78 14 1
78 1 12
78 12 13
79 1 0
79 0 13
79 13 9
79 9 11
79 11 4
79 4 8
79 8 6
79 6 3
79 3 14
80 7 14
80 14 11
80 11 12
80 12 10
80 10 13
80 13 0
80 0 1
80 1 2
80 2 6
81 10 9
81 9 4
81 4 3
81 3 8
81 8 13
81 13 12
81 12 6
81 6 11
81 11 0
82 3 9
82 9 8
82 8 1
82 1 12
82 12 5
82 5 2
82 2 14
82 14 0
82 0 4
83 2 13
83 13 6
83 6 11
83 11 10
83 10 14
83 14 9
83 9 12
83 12 5
83 5 1
84 5 4
84 4 7
84 7 9
84 9 1
84 1 14
84 14 3
84 3 6
84 6 12
84 12 13
85 10 14
85 14 0
85 0 13
85 13 12
85 12 1
85 1 7
85 7 3
85 3 5
85 5 9
86 2 3
86 3 4
86 4 9
86 9 12
86 12 6
86 6 8
86 8 0
86 0 5
86 5 10
87 0 6
87 6 10
87 10 2
87 2 7
87 7 8
87 8 12
87 12 5
87 5 4
87 4 3
88 4 3
88 3 9
88 9 10
88 10 12
88 12 0
88 0 14
88 14 8
88 8 7
88 7 6
89 2 12
89 12 8
89 8 0
89 0 9
89 9 1
89 1 13
89 13 7
89 7 11
89 11 5
90 4 13
90 13 1
90 1 0
90 0 7
90 7 11
90 11 12
90 12 2
90 2 3
90 3 9
91 6 11
91 11 3
91 3 7
91 7 10
91 10 5
91 5 4
91 4 2
91 2 12
91 12 9
92 10 11
92 11 14
92 14 5
92 5 1
92 1 9
92 9 12
92 12 2
92 2 6
92 6 0
93 13 9
93 9 3
93 3 0
93 0 1
93 1 11
93 11 12
93 12 6
93 6 14
93 14 4
94 12 14
94 14 3
94 3 11
94 11 1
94 1 7
94 7 5
94 5 10
94 10 0
94 0 8
95 8 1
95 1 11
95 11 14
95 14 12
95 12 6
95 6 2
95 2 13
95 13 0
95 0 9
96 1 6
96 6 0
96 0 5
96 5 2
96 2 3
96 3 12
96 12 10
96 10 13
96 13 14
97 2 14
97 14 0
97 0 5
97 5 8
97 8 11
97 11 6
97 6 7
97 7 9
97 9 13
98 9 4
98 4 8
98 8 5
98 5 7
98 7 14
98 14 0
98 0 2
98 2 12
98 12 3
99 0 12
99 12 6
99 6 14
99 14 8
99 8 13
99 13 4
99 4 7
99 7 2
99 2 11
