0 1951 1
0 1 0
0 1951 1950
0 1950 6
0 6 3
0 3 2
0 6 5
0 5 4
0 1950 1949
0 1949 14
0 14 11
0 11 8
0 8 7
0 11 10
0 10 9
0 14 13
0 13 12
0 1949 1948
0 1948 16
0 16 15
0 1948 1947
0 1947 18
0 18 17
0 1947 1946
0 1946 20
0 20 19
0 1946 1945
0 1945 22
0 22 21
0 1945 1944
0 1944 24
0 24 23
0 1944 1943
0 1943 1937
0 1937 29
0 29 26
0 26 25
0 29 28
0 28 27
0 1937 1936
0 1936 508
0 508 505
0 505 502
0 502 499
0 499 433
0 433 430
0 430 427
0 427 31
0 31 30
0 427 426
0 426 42
0 42 39
0 39 33
0 33 32
0 39 38
0 38 35
0 35 34
0 38 37
0 37 36
0 42 41
0 41 40
0 426 425
0 425 422
0 422 419
0 419 416
0 416 44
0 44 43
0 416 415
0 415 46
0 46 45
0 415 414
0 414 408
0 408 48
0 48 47
0 408 407
0 407 350
0 350 50
0 50 49
0 350 349
0 349 346
0 346 343
0 343 52
0 52 51
0 343 342
0 342 333
0 333 57
0 57 54
0 54 53
0 57 56
0 56 55
0 333 332
0 332 329
0 329 59
0 59 58
0 329 328
0 328 64
0 64 61
0 61 60
0 64 63
0 63 62
0 328 327
0 327 69
0 69 66
0 66 65
0 69 68
0 68 67
0 327 326
0 326 77
0 77 74
0 74 71
0 71 70
0 74 73
0 73 72
0 77 76
0 76 75
0 326 325
0 325 319
0 319 79
0 79 78
0 319 318
0 318 315
0 315 309
0 309 105
0 105 102
0 102 99
0 99 96
0 96 93
0 93 90
0 90 81
0 81 80
0 90 89
0 89 83
0 83 82
0 89 88
0 88 85
0 85 84
0 88 87
0 87 86
0 93 92
0 92 91
0 96 95
0 95 94
0 99 98
0 98 97
0 102 101
0 101 100
0 105 104
0 104 103
0 309 308
0 308 305
0 305 218
0 218 209
0 209 107
0 107 106
0 209 208
0 208 109
0 109 108
0 208 207
0 207 204
0 204 117
0 117 111
0 111 110
0 117 116
0 116 113
0 113 112
0 116 115
0 115 114
0 204 203
0 203 200
0 200 125
0 125 119
0 119 118
0 125 124
0 124 121
0 121 120
0 124 123
0 123 122
0 200 199
0 199 127
0 127 126
0 199 198
0 198 192
0 192 129
0 129 128
0 192 191
0 191 131
0 131 130
0 191 190
0 190 133
0 133 132
0 190 189
0 189 135
0 135 134
0 189 188
0 188 149
0 149 146
0 146 143
0 143 140
0 140 137
0 137 136
0 140 139
0 139 138
0 143 142
0 142 141
0 146 145
0 145 144
0 149 148
0 148 147
0 188 187
0 187 151
0 151 150
0 187 186
0 186 156
0 156 153
0 153 152
0 156 155
0 155 154
0 186 185
0 185 179
0 179 173
0 173 161
0 161 158
0 158 157
0 161 160
0 160 159
0 173 172
0 172 169
0 169 163
0 163 162
0 169 168
0 168 165
0 165 164
0 168 167
0 167 166
0 172 171
0 171 170
0 179 178
0 178 175
0 175 174
0 178 177
0 177 176
0 185 184
0 184 181
0 181 180
0 184 183
0 183 182
0 198 197
0 197 194
0 194 193
0 197 196
0 196 195
0 203 202
0 202 201
0 207 206
0 206 205
0 218 217
0 217 214
0 214 211
0 211 210
0 214 213
0 213 212
0 217 216
0 216 215
0 305 304
0 304 292
0 292 220
0 220 219
0 292 291
0 291 231
0 231 225
0 225 222
0 222 221
0 225 224
0 224 223
0 231 230
0 230 227
0 227 226
0 230 229
0 229 228
0 291 290
0 290 239
0 239 236
0 236 233
0 233 232
0 236 235
0 235 234
0 239 238
0 238 237
0 290 289
0 289 244
0 244 241
0 241 240
0 244 243
0 243 242
0 289 288
0 288 270
0 270 249
0 249 246
0 246 245
0 249 248
0 248 247
0 270 269
0 269 251
0 251 250
0 269 268
0 268 256
0 256 253
0 253 252
0 256 255
0 255 254
0 268 267
0 267 258
0 258 257
0 267 266
0 266 260
0 260 259
0 266 265
0 265 262
0 262 261
0 265 264
0 264 263
0 288 287
0 287 275
0 275 272
0 272 271
0 275 274
0 274 273
0 287 286
0 286 280
0 280 277
0 277 276
0 280 279
0 279 278
0 286 285
0 285 282
0 282 281
0 285 284
0 284 283
0 304 303
0 303 294
0 294 293
0 303 302
0 302 296
0 296 295
0 302 301
0 301 298
0 298 297
0 301 300
0 300 299
0 308 307
0 307 306
0 315 314
0 314 311
0 311 310
0 314 313
0 313 312
0 318 317
0 317 316
0 325 324
0 324 321
0 321 320
0 324 323
0 323 322
0 332 331
0 331 330
0 342 341
0 341 338
0 338 335
0 335 334
0 338 337
0 337 336
0 341 340
0 340 339
0 346 345
0 345 344
0 349 348
0 348 347
0 407 406
0 406 355
0 355 352
0 352 351
0 355 354
0 354 353
0 406 405
0 405 360
0 360 357
0 357 356
0 360 359
0 359 358
0 405 404
0 404 362
0 362 361
0 404 403
0 403 391
0 391 385
0 385 364
0 364 363
0 385 384
0 384 378
0 378 375
0 375 369
0 369 366
0 366 365
0 369 368
0 368 367
0 375 374
0 374 371
0 371 370
0 374 373
0 373 372
0 378 377
0 377 376
0 384 383
0 383 380
0 380 379
0 383 382
0 382 381
0 391 390
0 390 387
0 387 386
0 390 389
0 389 388
0 403 402
0 402 393
0 393 392
0 402 401
0 401 398
0 398 395
0 395 394
0 398 397
0 397 396
0 401 400
0 400 399
0 414 413
0 413 410
0 410 409
0 413 412
0 412 411
0 419 418
0 418 417
0 422 421
0 421 420
0 425 424
0 424 423
0 430 429
0 429 428
0 433 432
0 432 431
0 499 498
0 498 486
0 486 435
0 435 434
0 486 485
0 485 437
0 437 436
0 485 484
0 484 439
0 439 438
0 484 483
0 483 480
0 480 471
0 471 468
0 468 456
0 456 441
0 441 440
0 456 455
0 455 449
0 449 443
0 443 442
0 449 448
0 448 445
0 445 444
0 448 447
0 447 446
0 455 454
0 454 451
0 451 450
0 454 453
0 453 452
0 468 467
0 467 458
0 458 457
0 467 466
0 466 460
0 460 459
0 466 465
0 465 462
0 462 461
0 465 464
0 464 463
0 471 470
0 470 469
0 480 479
0 479 476
0 476 473
0 473 472
0 476 475
0 475 474
0 479 478
0 478 477
0 483 482
0 482 481
0 498 497
0 497 488
0 488 487
0 497 496
0 496 490
0 490 489
0 496 495
0 495 492
0 492 491
0 495 494
0 494 493
0 502 501
0 501 500
0 505 504
0 504 503
0 508 507
0 507 506
0 1936 1935
0 1935 510
0 510 509
0 1935 1934
0 1934 1931
0 1931 518
0 518 512
0 512 511
0 518 517
0 517 514
0 514 513
0 517 516
0 516 515
0 1931 1930
0 1930 520
0 520 519
0 1930 1929
0 1929 1926
0 1926 1920
0 1920 531
0 531 528
0 528 522
0 522 521
0 528 527
0 527 524
0 524 523
0 527 526
0 526 525
0 531 530
0 530 529
0 1920 1919
0 1919 1913
0 1913 563
0 563 533
0 533 532
0 563 562
0 562 535
0 535 534
0 562 561
0 561 555
0 555 537
0 537 536
0 555 554
0 554 542
0 542 539
0 539 538
0 542 541
0 541 540
0 554 553
0 553 550
0 550 547
0 547 544
0 544 543
0 547 546
0 546 545
0 550 549
0 549 548
0 553 552
0 552 551
0 561 560
0 560 557
0 557 556
0 560 559
0 559 558
0 1913 1912
0 1912 1909
0 1909 1864
0 1864 610
0 610 586
0 586 583
0 583 565
0 565 564
0 583 582
0 582 579
0 579 576
0 576 573
0 573 567
0 567 566
0 573 572
0 572 569
0 569 568
0 572 571
0 571 570
0 576 575
0 575 574
0 579 578
0 578 577
0 582 581
0 581 580
0 586 585
0 585 584
0 610 609
0 609 588
0 588 587
0 609 608
0 608 599
0 599 596
0 596 590
0 590 589
0 596 595
0 595 592
0 592 591
0 595 594
0 594 593
0 599 598
0 598 597
0 608 607
0 607 601
0 601 600
0 607 606
0 606 603
0 603 602
0 606 605
0 605 604
0 1864 1863
0 1863 612
0 612 611
0 1863 1862
0 1862 614
0 614 613
0 1862 1861
0 1861 616
0 616 615
0 1861 1860
0 1860 1857
0 1857 1824
0 1824 1821
0 1821 621
0 621 618
0 618 617
0 621 620
0 620 619
0 1821 1820
0 1820 1706
0 1706 623
0 623 622
0 1706 1705
0 1705 625
0 625 624
0 1705 1704
0 1704 627
0 627 626
0 1704 1703
0 1703 1700
0 1700 638
0 638 629
0 629 628
0 638 637
0 637 634
0 634 631
0 631 630
0 634 633
0 633 632
0 637 636
0 636 635
0 1700 1699
0 1699 1696
0 1696 640
0 640 639
0 1696 1695
0 1695 642
0 642 641
0 1695 1694
0 1694 1691
0 1691 1688
0 1688 644
0 644 643
0 1688 1687
0 1687 646
0 646 645
0 1687 1686
0 1686 648
0 648 647
0 1686 1685
0 1685 650
0 650 649
0 1685 1684
0 1684 1351
0 1351 1339
0 1339 916
0 916 913
0 913 904
0 904 652
0 652 651
0 904 903
0 903 657
0 657 654
0 654 653
0 657 656
0 656 655
0 903 902
0 902 896
0 896 668
0 668 659
0 659 658
0 668 667
0 667 661
0 661 660
0 667 666
0 666 663
0 663 662
0 666 665
0 665 664
0 896 895
0 895 673
0 673 670
0 670 669
0 673 672
0 672 671
0 895 894
0 894 675
0 675 674
0 894 893
0 893 731
0 731 728
0 728 722
0 722 680
0 680 677
0 677 676
0 680 679
0 679 678
0 722 721
0 721 718
0 718 682
0 682 681
0 718 717
0 717 684
0 684 683
0 717 716
0 716 689
0 689 686
0 686 685
0 689 688
0 688 687
0 716 715
0 715 712
0 712 691
0 691 690
0 712 711
0 711 705
0 705 702
0 702 699
0 699 693
0 693 692
0 699 698
0 698 695
0 695 694
0 698 697
0 697 696
0 702 701
0 701 700
0 705 704
0 704 703
0 711 710
0 710 707
0 707 706
0 710 709
0 709 708
0 715 714
0 714 713
0 721 720
0 720 719
0 728 727
0 727 724
0 724 723
0 727 726
0 726 725
0 731 730
0 730 729
0 893 892
0 892 733
0 733 732
0 892 891
0 891 744
0 744 735
0 735 734
0 744 743
0 743 740
0 740 737
0 737 736
0 740 739
0 739 738
0 743 742
0 742 741
0 891 890
0 890 773
0 773 746
0 746 745
0 773 772
0 772 760
0 760 757
0 757 754
0 754 751
0 751 748
0 748 747
0 751 750
0 750 749
0 754 753
0 753 752
0 757 756
0 756 755
0 760 759
0 759 758
0 772 771
0 771 762
0 762 761
0 771 770
0 770 764
0 764 763
0 770 769
0 769 766
0 766 765
0 769 768
0 768 767
0 890 889
0 889 775
0 775 774
0 889 888
0 888 879
0 879 861
0 861 858
0 858 855
0 855 777
0 777 776
0 855 854
0 854 821
0 821 785
0 785 782
0 782 779
0 779 778
0 782 781
0 781 780
0 785 784
0 784 783
0 821 820
0 820 817
0 817 787
0 787 786
0 817 816
0 816 813
0 813 807
0 807 792
0 792 789
0 789 788
0 792 791
0 791 790
0 807 806
0 806 803
0 803 794
0 794 793
0 803 802
0 802 799
0 799 796
0 796 795
0 799 798
0 798 797
0 802 801
0 801 800
0 806 805
0 805 804
0 813 812
0 812 809
0 809 808
0 812 811
0 811 810
0 816 815
0 815 814
0 820 819
0 819 818
0 854 853
0 853 850
0 850 847
0 847 835
0 835 823
0 823 822
0 835 834
0 834 825
0 825 824
0 834 833
0 833 830
0 830 827
0 827 826
0 830 829
0 829 828
0 833 832
0 832 831
0 847 846
0 846 837
0 837 836
0 846 845
0 845 842
0 842 839
0 839 838
0 842 841
0 841 840
0 845 844
0 844 843
0 850 849
0 849 848
0 853 852
0 852 851
0 858 857
0 857 856
0 861 860
0 860 859
0 879 878
0 878 872
0 872 863
0 863 862
0 872 871
0 871 865
0 865 864
0 871 870
0 870 867
0 867 866
0 870 869
0 869 868
0 878 877
0 877 874
0 874 873
0 877 876
0 876 875
0 888 887
0 887 881
0 881 880
0 887 886
0 886 883
0 883 882
0 886 885
0 885 884
0 902 901
0 901 898
0 898 897
0 901 900
0 900 899
0 913 912
0 912 906
0 906 905
0 912 911
0 911 908
0 908 907
0 911 910
0 910 909
0 916 915
0 915 914
0 1339 1338
0 1338 1335
0 1335 918
0 918 917
0 1335 1334
0 1334 1331
0 1331 1319
0 1319 938
0 938 920
0 920 919
0 938 937
0 937 934
0 934 931
0 931 922
0 922 921
0 931 930
0 930 927
0 927 924
0 924 923
0 927 926
0 926 925
0 930 929
0 929 928
0 934 933
0 933 932
0 937 936
0 936 935
0 1319 1318
0 1318 940
0 940 939
0 1318 1317
0 1317 1287
0 1287 942
0 942 941
0 1287 1286
0 1286 944
0 944 943
0 1286 1285
0 1285 946
0 946 945
0 1285 1284
0 1284 1281
0 1281 993
0 993 978
0 978 948
0 948 947
0 978 977
0 977 974
0 974 950
0 950 949
0 974 973
0 973 955
0 955 952
0 952 951
0 955 954
0 954 953
0 973 972
0 972 960
0 960 957
0 957 956
0 960 959
0 959 958
0 972 971
0 971 965
0 965 962
0 962 961
0 965 964
0 964 963
0 971 970
0 970 967
0 967 966
0 970 969
0 969 968
0 977 976
0 976 975
0 993 992
0 992 980
0 980 979
0 992 991
0 991 988
0 988 985
0 985 982
0 982 981
0 985 984
0 984 983
0 988 987
0 987 986
0 991 990
0 990 989
0 1281 1280
0 1280 1277
0 1277 1241
0 1241 1232
0 1232 1223
0 1223 1214
0 1214 1205
0 1205 1001
0 1001 995
0 995 994
0 1001 1000
0 1000 997
0 997 996
0 1000 999
0 999 998
0 1205 1204
0 1204 1201
0 1201 1069
0 1069 1048
0 1048 1003
0 1003 1002
0 1048 1047
0 1047 1005
0 1005 1004
0 1047 1046
0 1046 1022
0 1022 1019
0 1019 1007
0 1007 1006
0 1019 1018
0 1018 1015
0 1015 1012
0 1012 1009
0 1009 1008
0 1012 1011
0 1011 1010
0 1015 1014
0 1014 1013
0 1018 1017
0 1017 1016
0 1022 1021
0 1021 1020
0 1046 1045
0 1045 1042
0 1042 1039
0 1039 1036
0 1036 1033
0 1033 1030
0 1030 1027
0 1027 1024
0 1024 1023
0 1027 1026
0 1026 1025
0 1030 1029
0 1029 1028
0 1033 1032
0 1032 1031
0 1036 1035
0 1035 1034
0 1039 1038
0 1038 1037
0 1042 1041
0 1041 1040
0 1045 1044
0 1044 1043
0 1069 1068
0 1068 1065
0 1065 1059
0 1059 1050
0 1050 1049
0 1059 1058
0 1058 1052
0 1052 1051
0 1058 1057
0 1057 1054
0 1054 1053
0 1057 1056
0 1056 1055
0 1065 1064
0 1064 1061
0 1061 1060
0 1064 1063
0 1063 1062
0 1068 1067
0 1067 1066
0 1201 1200
0 1200 1071
0 1071 1070
0 1200 1199
0 1199 1091
0 1091 1088
0 1088 1085
0 1085 1079
0 1079 1076
0 1076 1073
0 1073 1072
0 1076 1075
0 1075 1074
0 1079 1078
0 1078 1077
0 1085 1084
0 1084 1081
0 1081 1080
0 1084 1083
0 1083 1082
0 1088 1087
0 1087 1086
0 1091 1090
0 1090 1089
0 1199 1198
0 1198 1099
0 1099 1096
0 1096 1093
0 1093 1092
0 1096 1095
0 1095 1094
0 1099 1098
0 1098 1097
0 1198 1197
0 1197 1101
0 1101 1100
0 1197 1196
0 1196 1154
0 1154 1151
0 1151 1145
0 1145 1142
0 1142 1103
0 1103 1102
0 1142 1141
0 1141 1138
0 1138 1105
0 1105 1104
0 1138 1137
0 1137 1125
0 1125 1122
0 1122 1116
0 1116 1113
0 1113 1107
0 1107 1106
0 1113 1112
0 1112 1109
0 1109 1108
0 1112 1111
0 1111 1110
0 1116 1115
0 1115 1114
0 1122 1121
0 1121 1118
0 1118 1117
0 1121 1120
0 1120 1119
0 1125 1124
0 1124 1123
0 1137 1136
0 1136 1127
0 1127 1126
0 1136 1135
0 1135 1132
0 1132 1129
0 1129 1128
0 1132 1131
0 1131 1130
0 1135 1134
0 1134 1133
0 1141 1140
0 1140 1139
0 1145 1144
0 1144 1143
0 1151 1150
0 1150 1147
0 1147 1146
0 1150 1149
0 1149 1148
0 1154 1153
0 1153 1152
0 1196 1195
0 1195 1192
0 1192 1189
0 1189 1168
0 1168 1156
0 1156 1155
0 1168 1167
0 1167 1164
0 1164 1158
0 1158 1157
0 1164 1163
0 1163 1160
0 1160 1159
0 1163 1162
0 1162 1161
0 1167 1166
0 1166 1165
0 1189 1188
0 1188 1170
0 1170 1169
0 1188 1187
0 1187 1172
0 1172 1171
0 1187 1186
0 1186 1177
0 1177 1174
0 1174 1173
0 1177 1176
0 1176 1175
0 1186 1185
0 1185 1182
0 1182 1179
0 1179 1178
0 1182 1181
0 1181 1180
0 1185 1184
0 1184 1183
0 1192 1191
0 1191 1190
0 1195 1194
0 1194 1193
0 1204 1203
0 1203 1202
0 1214 1213
0 1213 1207
0 1207 1206
0 1213 1212
0 1212 1209
0 1209 1208
0 1212 1211
0 1211 1210
0 1223 1222
0 1222 1216
0 1216 1215
0 1222 1221
0 1221 1218
0 1218 1217
0 1221 1220
0 1220 1219
0 1232 1231
0 1231 1225
0 1225 1224
0 1231 1230
0 1230 1227
0 1227 1226
0 1230 1229
0 1229 1228
0 1241 1240
0 1240 1237
0 1237 1234
0 1234 1233
0 1237 1236
0 1236 1235
0 1240 1239
0 1239 1238
0 1277 1276
0 1276 1273
0 1273 1270
0 1270 1267
0 1267 1261
0 1261 1255
0 1255 1252
0 1252 1246
0 1246 1243
0 1243 1242
0 1246 1245
0 1245 1244
0 1252 1251
0 1251 1248
0 1248 1247
0 1251 1250
0 1250 1249
0 1255 1254
0 1254 1253
0 1261 1260
0 1260 1257
0 1257 1256
0 1260 1259
0 1259 1258
0 1267 1266
0 1266 1263
0 1263 1262
0 1266 1265
0 1265 1264
0 1270 1269
0 1269 1268
0 1273 1272
0 1272 1271
0 1276 1275
0 1275 1274
0 1280 1279
0 1279 1278
0 1284 1283
0 1283 1282
0 1317 1316
0 1316 1292
0 1292 1289
0 1289 1288
0 1292 1291
0 1291 1290
0 1316 1315
0 1315 1303
0 1303 1300
0 1300 1294
0 1294 1293
0 1300 1299
0 1299 1296
0 1296 1295
0 1299 1298
0 1298 1297
0 1303 1302
0 1302 1301
0 1315 1314
0 1314 1305
0 1305 1304
0 1314 1313
0 1313 1310
0 1310 1307
0 1307 1306
0 1310 1309
0 1309 1308
0 1313 1312
0 1312 1311
0 1331 1330
0 1330 1327
0 1327 1321
0 1321 1320
0 1327 1326
0 1326 1323
0 1323 1322
0 1326 1325
0 1325 1324
0 1330 1329
0 1329 1328
0 1334 1333
0 1333 1332
0 1338 1337
0 1337 1336
0 1351 1350
0 1350 1341
0 1341 1340
0 1350 1349
0 1349 1346
0 1346 1343
0 1343 1342
0 1346 1345
0 1345 1344
0 1349 1348
0 1348 1347
0 1684 1683
0 1683 1680
0 1680 1353
0 1353 1352
0 1680 1679
0 1679 1676
0 1676 1355
0 1355 1354
0 1676 1675
0 1675 1651
0 1651 1435
0 1435 1357
0 1357 1356
0 1435 1434
0 1434 1431
0 1431 1368
0 1368 1362
0 1362 1359
0 1359 1358
0 1362 1361
0 1361 1360
0 1368 1367
0 1367 1364
0 1364 1363
0 1367 1366
0 1366 1365
0 1431 1430
0 1430 1370
0 1370 1369
0 1430 1429
0 1429 1426
0 1426 1423
0 1423 1375
0 1375 1372
0 1372 1371
0 1375 1374
0 1374 1373
0 1423 1422
0 1422 1407
0 1407 1380
0 1380 1377
0 1377 1376
0 1380 1379
0 1379 1378
0 1407 1406
0 1406 1403
0 1403 1382
0 1382 1381
0 1403 1402
0 1402 1396
0 1396 1384
0 1384 1383
0 1396 1395
0 1395 1386
0 1386 1385
0 1395 1394
0 1394 1388
0 1388 1387
0 1394 1393
0 1393 1390
0 1390 1389
0 1393 1392
0 1392 1391
0 1402 1401
0 1401 1398
0 1398 1397
0 1401 1400
0 1400 1399
0 1406 1405
0 1405 1404
0 1422 1421
0 1421 1412
0 1412 1409
0 1409 1408
0 1412 1411
0 1411 1410
0 1421 1420
0 1420 1414
0 1414 1413
0 1420 1419
0 1419 1416
0 1416 1415
0 1419 1418
0 1418 1417
0 1426 1425
0 1425 1424
0 1429 1428
0 1428 1427
0 1434 1433
0 1433 1432
0 1651 1650
0 1650 1437
0 1437 1436
0 1650 1649
0 1649 1439
0 1439 1438
0 1649 1648
0 1648 1441
0 1441 1440
0 1648 1647
0 1647 1644
0 1644 1476
0 1476 1473
0 1473 1470
0 1470 1443
0 1443 1442
0 1470 1469
0 1469 1466
0 1466 1463
0 1463 1460
0 1460 1457
0 1457 1454
0 1454 1445
0 1445 1444
0 1454 1453
0 1453 1450
0 1450 1447
0 1447 1446
0 1450 1449
0 1449 1448
0 1453 1452
0 1452 1451
0 1457 1456
0 1456 1455
0 1460 1459
0 1459 1458
0 1463 1462
0 1462 1461
0 1466 1465
0 1465 1464
0 1469 1468
0 1468 1467
0 1473 1472
0 1472 1471
0 1476 1475
0 1475 1474
0 1644 1643
0 1643 1562
0 1562 1544
0 1544 1541
0 1541 1523
0 1523 1520
0 1520 1517
0 1517 1481
0 1481 1478
0 1478 1477
0 1481 1480
0 1480 1479
0 1517 1516
0 1516 1513
0 1513 1504
0 1504 1483
0 1483 1482
0 1504 1503
0 1503 1497
0 1497 1488
0 1488 1485
0 1485 1484
0 1488 1487
0 1487 1486
0 1497 1496
0 1496 1490
0 1490 1489
0 1496 1495
0 1495 1492
0 1492 1491
0 1495 1494
0 1494 1493
0 1503 1502
0 1502 1499
0 1499 1498
0 1502 1501
0 1501 1500
0 1513 1512
0 1512 1506
0 1506 1505
0 1512 1511
0 1511 1508
0 1508 1507
0 1511 1510
0 1510 1509
0 1516 1515
0 1515 1514
0 1520 1519
0 1519 1518
0 1523 1522
0 1522 1521
0 1541 1540
0 1540 1534
0 1534 1525
0 1525 1524
0 1534 1533
0 1533 1530
0 1530 1527
0 1527 1526
0 1530 1529
0 1529 1528
0 1533 1532
0 1532 1531
0 1540 1539
0 1539 1536
0 1536 1535
0 1539 1538
0 1538 1537
0 1544 1543
0 1543 1542
0 1562 1561
0 1561 1546
0 1546 1545
0 1561 1560
0 1560 1557
0 1557 1551
0 1551 1548
0 1548 1547
0 1551 1550
0 1550 1549
0 1557 1556
0 1556 1553
0 1553 1552
0 1556 1555
0 1555 1554
0 1560 1559
0 1559 1558
0 1643 1642
0 1642 1639
0 1639 1567
0 1567 1564
0 1564 1563
0 1567 1566
0 1566 1565
0 1639 1638
0 1638 1635
0 1635 1629
0 1629 1626
0 1626 1569
0 1569 1568
0 1626 1625
0 1625 1619
0 1619 1595
0 1595 1571
0 1571 1570
0 1595 1594
0 1594 1576
0 1576 1573
0 1573 1572
0 1576 1575
0 1575 1574
0 1594 1593
0 1593 1578
0 1578 1577
0 1593 1592
0 1592 1580
0 1580 1579
0 1592 1591
0 1591 1582
0 1582 1581
0 1591 1590
0 1590 1584
0 1584 1583
0 1590 1589
0 1589 1586
0 1586 1585
0 1589 1588
0 1588 1587
0 1619 1618
0 1618 1600
0 1600 1597
0 1597 1596
0 1600 1599
0 1599 1598
0 1618 1617
0 1617 1602
0 1602 1601
0 1617 1616
0 1616 1604
0 1604 1603
0 1616 1615
0 1615 1612
0 1612 1606
0 1606 1605
0 1612 1611
0 1611 1608
0 1608 1607
0 1611 1610
0 1610 1609
0 1615 1614
0 1614 1613
0 1625 1624
0 1624 1621
0 1621 1620
0 1624 1623
0 1623 1622
0 1629 1628
0 1628 1627
0 1635 1634
0 1634 1631
0 1631 1630
0 1634 1633
0 1633 1632
0 1638 1637
0 1637 1636
0 1642 1641
0 1641 1640
0 1647 1646
0 1646 1645
0 1675 1674
0 1674 1653
0 1653 1652
0 1674 1673
0 1673 1655
0 1655 1654
0 1673 1672
0 1672 1669
0 1669 1663
0 1663 1657
0 1657 1656
0 1663 1662
0 1662 1659
0 1659 1658
0 1662 1661
0 1661 1660
0 1669 1668
0 1668 1665
0 1665 1664
0 1668 1667
0 1667 1666
0 1672 1671
0 1671 1670
0 1679 1678
0 1678 1677
0 1683 1682
0 1682 1681
0 1691 1690
0 1690 1689
0 1694 1693
0 1693 1692
0 1699 1698
0 1698 1697
0 1703 1702
0 1702 1701
0 1820 1819
0 1819 1816
0 1816 1786
0 1786 1708
0 1708 1707
0 1786 1785
0 1785 1710
0 1710 1709
0 1785 1784
0 1784 1712
0 1712 1711
0 1784 1783
0 1783 1717
0 1717 1714
0 1714 1713
0 1717 1716
0 1716 1715
0 1783 1782
0 1782 1719
0 1719 1718
0 1782 1781
0 1781 1778
0 1778 1775
0 1775 1772
0 1772 1724
0 1724 1721
0 1721 1720
0 1724 1723
0 1723 1722
0 1772 1771
0 1771 1726
0 1726 1725
0 1771 1770
0 1770 1734
0 1734 1731
0 1731 1728
0 1728 1727
0 1731 1730
0 1730 1729
0 1734 1733
0 1733 1732
0 1770 1769
0 1769 1766
0 1766 1760
0 1760 1736
0 1736 1735
0 1760 1759
0 1759 1738
0 1738 1737
0 1759 1758
0 1758 1755
0 1755 1740
0 1740 1739
0 1755 1754
0 1754 1742
0 1742 1741
0 1754 1753
0 1753 1747
0 1747 1744
0 1744 1743
0 1747 1746
0 1746 1745
0 1753 1752
0 1752 1749
0 1749 1748
0 1752 1751
0 1751 1750
0 1758 1757
0 1757 1756
0 1766 1765
0 1765 1762
0 1762 1761
0 1765 1764
0 1764 1763
0 1769 1768
0 1768 1767
0 1775 1774
0 1774 1773
0 1778 1777
0 1777 1776
0 1781 1780
0 1780 1779
0 1816 1815
0 1815 1812
0 1812 1809
0 1809 1806
0 1806 1800
0 1800 1788
0 1788 1787
0 1800 1799
0 1799 1793
0 1793 1790
0 1790 1789
0 1793 1792
0 1792 1791
0 1799 1798
0 1798 1795
0 1795 1794
0 1798 1797
0 1797 1796
0 1806 1805
0 1805 1802
0 1802 1801
0 1805 1804
0 1804 1803
0 1809 1808
0 1808 1807
0 1812 1811
0 1811 1810
0 1815 1814
0 1814 1813
0 1819 1818
0 1818 1817
0 1824 1823
0 1823 1822
0 1857 1856
0 1856 1826
0 1826 1825
0 1856 1855
0 1855 1852
0 1852 1828
0 1828 1827
0 1852 1851
0 1851 1845
0 1845 1842
0 1842 1830
0 1830 1829
0 1842 1841
0 1841 1832
0 1832 1831
0 1841 1840
0 1840 1834
0 1834 1833
0 1840 1839
0 1839 1836
0 1836 1835
0 1839 1838
0 1838 1837
0 1845 1844
0 1844 1843
0 1851 1850
0 1850 1847
0 1847 1846
0 1850 1849
0 1849 1848
0 1855 1854
0 1854 1853
0 1860 1859
0 1859 1858
0 1909 1908
0 1908 1899
0 1899 1896
0 1896 1866
0 1866 1865
0 1896 1895
0 1895 1868
0 1868 1867
0 1895 1894
0 1894 1891
0 1891 1870
0 1870 1869
0 1891 1890
0 1890 1872
0 1872 1871
0 1890 1889
0 1889 1886
0 1886 1874
0 1874 1873
0 1886 1885
0 1885 1882
0 1882 1876
0 1876 1875
0 1882 1881
0 1881 1878
0 1878 1877
0 1881 1880
0 1880 1879
0 1885 1884
0 1884 1883
0 1889 1888
0 1888 1887
0 1894 1893
0 1893 1892
0 1899 1898
0 1898 1897
0 1908 1907
0 1907 1904
0 1904 1901
0 1901 1900
0 1904 1903
0 1903 1902
0 1907 1906
0 1906 1905
0 1912 1911
0 1911 1910
0 1919 1918
0 1918 1915
0 1915 1914
0 1918 1917
0 1917 1916
0 1926 1925
0 1925 1922
0 1922 1921
0 1925 1924
0 1924 1923
0 1929 1928
0 1928 1927
0 1934 1933
0 1933 1932
0 1943 1942
0 1942 1939
0 1939 1938
0 1942 1941
0 1941 1940
