0 3 9
0 9 8
0 8 14
0 14 11
0 11 2
0 2 10
0 10 4
0 4 1
0 1 7
1 5 3
1 3 12
1 12 11
1 11 8
1 8 7
1 7 1
1 1 9
1 9 0
1 0 4
2 14 4
2 4 2
2 2 8
2 8 5
2 5 1
2 1 12
2 12 13
2 13 3
2 3 11
3 7 8
3 8 3
3 3 14
3 14 0
3 0 4
3 4 9
3 9 5
3 5 1
3 1 6
4 2 10
4 10 13
4 13 14
4 14 12
4 12 9
4 9 11
4 11 8
4 8 0
4 0 5
5 3 10
5 10 0
5 0 12
5 12 9
5 9 5
5 5 1
5 1 11
5 11 2
5 2 13
6 1 7
6 7 3
6 3 11
6 11 9
6 9 8
6 8 6
6 6 12
6 12 2
6 2 10
7 12 3
7 3 2
7 2 11
7 11 6
7 6 0
7 0 13
7 13 8
7 8 14
7 14 10
8 7 9
8 9 2
8 2 8
8 8 11
8 11 13
8 13 0
8 0 10
8 10 14
8 14 3
9 0 8
9 8 5
9 5 10
9 10 3
9 3 13
9 13 2
9 2 7
9 7 14
9 14 4
10 14 3
10 3 9
10 9 11
10 11 13
10 13 1
10 1 6
10 6 0
10 0 12
10 12 2
11 9 6
11 6 2
11 2 11
11 11 14
11 14 3
11 3 13
11 13 0
11 0 12
11 12 5
12 10 1
12 1 2
12 2 12
12 12 4
12 4 6
12 6 11
12 11 3
12 3 14
12 14 5
13 7 12
13 12 8
13 8 1
13 1 4
13 4 5
13 5 13
13 13 11
13 11 14
13 14 2
14 8 9
14 9 7
14 7 6
14 6 5
14 5 0
14 0 1
14 1 10
14 10 3
14 3 13
15 2 6
15 6 14
15 14 10
15 10 1
15 1 11
15 11 8
15 8 13
15 13 5
15 5 9
16 12 1
16 1 8
16 8 0
16 0 7
16 7 9
16 9 4
16 4 6
16 6 5
16 5 3
17 2 8
17 8 11
17 11 6
17 6 14
17 14 13
17 13 5
17 5 9
17 9 12
17 12 1
18 6 9
18 9 1
18 1 0
18 0 3
18 3 14
18 14 7
18 7 5
18 5 12
18 12 10
19 9 4
19 4 10
19 10 6
19 6 7
19 7 8
19 8 12
19 12 13
19 13 14
19 14 1
20 11 10
20 10 1
20 1 3
20 3 13
20 13 7
20 7 12
20 12 5
20 5 9
20 9 6
21 8 11
21 11 1
21 1 12
21 12 3
21 3 2
21 2 6
21 6 5
21 5 13
21 13 4
22 1 11
22 11 5
22 5 10
22 10 0
22 0 2
22 2 7
22 7 3
22 3 12
22 12 14
23 3 1
23 1 5
23 5 7
23 7 9
23 9 8
23 8 11
23 11 4
23 4 10
23 10 2
24 0 7
24 7 9
24 9 1
24 1 5
24 5 11
24 11 14
24 14 4
24 4 12
24 12 8
25 1 5
25 5 2
25 2 10
25 10 12
25 12 6
25 6 11
25 11 3
25 3 9
25 9 7
26 3 12
26 12 11
26 11 10
26 10 5
26 5 8
26 8 1
26 1 14
26 14 2
26 2 7
27 14 3
27 3 9
27 9 5
27 5 13
27 13 7
27 7 4
27 4 8
27 8 10
27 10 12
28 3 4
28 4 11
28 11 6
28 6 2
28 2 13
28 13 10
28 10 1
28 1 9
28 9 14
29 7 0
29 0 5
29 5 8
29 8 9
29 9 3
29 3 12
29 12 14
29 14 10
29 10 2
30 10 7
30 7 3
30 3 14
30 14 5
30 5 11
30 11 12
30 12 4
30 4 2
30 2 13
31 12 9
31 9 1
31 1 13
31 13 3
31 3 6
31 6 2
31 2 10
31 10 14
31 14 4
32 10 14
32 14 2
32 2 5
32 5 6
32 6 1
32 1 8
32 8 4
32 4 7
32 7 12
33 6 8
33 8 2
33 2 10
33 10 0
33 0 14
33 14 7
33 7 9
33 9 5
33 5 3
34 8 10
34 10 5
34 5 0
34 0 14
34 14 1
34 1 3
34 3 4
34 4 12
34 12 2
35 2 10
35 10 12
35 12 1
35 1 8
35 8 6
35 6 14
35 14 4
35 4 3
35 3 11
36 8 4
36 4 11
36 11 0
36 0 3
36 3 10
36 10 12
36 12 6
36 6 9
36 9 2
37 7 10
37 10 14
37 14 11
37 11 0
37 0 8
37 8 4
37 4 12
37 12 3
37 3 6
38 10 12
38 12 11
38 11 4
38 4 7
38 7 6
38 6 5
38 5 13
38 13 0
38 0 3
39 4 9
39 9 12
39 12 1
39 1 3
39 3 10
39 10 5
39 5 14
39 14 7
39 7 11
40 0 1
40 1 13
40 13 10
40 10 3
40 3 4
40 4 2
40 2 5
40 5 6
40 6 14
41 6 2
41 2 3
41 3 12
41 12 11
41 11 7
41 7 0
41 0 9
41 9 5
41 5 10
42 1 3
42 3 9
42 9 8
42 8 2
42 2 4
42 4 5
42 5 0
42 0 10
42 10 7
43 7 3
43 3 2
43 2 0
43 0 5
43 5 8
43 8 14
43 14 12
43 12 10
43 10 4
44 11 1
44 1 3
44 3 13
44 13 12
44 12 4
44 4 6
44 6 14
44 14 0
44 0 8
45 13 5
45 5 6
45 6 4
45 4 7
45 7 9
45 9 8
45 8 2
45 2 12
45 12 10
46 2 3
46 3 6
46 6 9
46 9 11
46 11 8
46 8 5
46 5 12
46 12 7
46 7 1
47 14 7
47 7 13
47 13 2
47 2 4
47 4 1
47 1 6
47 6 3
47 3 0
47 0 5
48 1 9
48 9 2
48 2 12
48 12 6
48 6 10
48 10 11
48 11 14
48 14 8
48 8 4
49 10 14
49 14 3
49 3 8
49 8 7
49 7 5
49 5 4
49 4 12
49 12 13
49 13 9
50 8 4
50 4 9
50 9 12
50 12 3
50 3 11
50 11 1
50 1 6
50 6 10
50 10 0
51 13 0
51 0 12
51 12 11
51 11 10
51 10 7
51 7 5
51 5 2
51 2 9
51 9 6
52 6 7
52 7 13
52 13 9
52 9 1
52 1 10
52 10 4
52 4 8
52 8 12
52 12 3
53 1 2
53 2 7
53 7 5
53 5 11
53 11 3
53 3 13
53 13 8
53 8 10
53 10 12
54 3 6
54 6 11
54 11 13
54 13 14
54 14 10
54 10 0
54 0 1
54 1 8
54 8 5
55 3 7
55 7 2
55 2 13
55 13 8
55 8 14
55 14 12
55 12 4
55 4 1
55 1 5
56 4 1
56 1 8
56 8 12
56 12 5
56 5 13
56 13 0
56 0 14
56 14 7
56 7 3
57 3 0
57 0 8
57 8 11
57 11 10
57 10 2
57 2 7
57 7 9
57 9 4
57 4 6
58 6 11
58 11 13
58 13 3
58 3 9
58 9 0
58 0 8
58 8 12
58 12 10
58 10 7
59 12 9
59 9 6
59 6 1
59 1 3
59 3 4
59 4 7
59 7 13
59 13 14
59 14 11
60 6 10
60 10 2
60 2 14
60 14 1
60 1 12
60 12 5
60 5 0
60 0 4
60 4 9
61 12 5
61 5 10
61 10 9
61 9 7
61 7 3
61 3 4
61 4 0
61 0 8
61 8 1
62 3 11
62 11 1
62 1 13
62 13 4
62 4 2
62 2 12
62 12 14
62 14 6
62 6 10
63 8 13
63 13 3
63 3 14
63 14 7
63 7 0
63 0 5
63 5 4
63 4 10
63 10 2
64 3 6
64 6 5
64 5 4
64 4 0
64 0 9
64 9 13
64 13 7
64 7 11
64 11 2
65 14 10
65 10 8
65 8 12
65 12 11
65 11 0
65 0 4
65 4 6
65 6 7
65 7 5
66 10 11
66 11 5
66 5 2
66 2 1
66 1 3
66 3 14
66 14 0
66 0 8
66 8 7
67 3 8
67 8 11
67 11 14
67 14 9
67 9 2
67 2 0
67 0 1
67 1 6
67 6 7
68 3 11
68 11 4
68 4 5
68 5 6
68 6 2
68 2 9
68 9 10
68 10 8
68 8 7
69 0 2
69 2 4
69 4 9
69 9 6
69 6 13
69 13 14
69 14 10
69 10 11
69 11 3
70 8 3
70 3 4
70 4 12
70 12 2
70 2 1
70 1 5
70 5 10
70 10 14
70 14 6
71 9 12
71 12 11
71 11 7
71 7 6
71 6 13
71 13 3
71 3 10
71 10 4
71 4 2
72 12 9
72 9 10
72 10 7
72 7 1
72 1 3
72 3 2
72 2 13
72 13 4
72 4 8
73 9 11
73 11 4
73 4 0
73 0 10
73 10 12
73 12 7
73 7 5
73 5 8
73 8 14
74 13 10
74 10 3
74 3 4
74 4 12
74 12 9
74 9 0
74 0 2
74 2 1
74 1 8
75 3 0
75 0 6
75 6 5
75 5 2
75 2 12
75 12 9
75 9 1
75 1 11
75 11 14
76 4 7
76 7 9
76 9 5
76 5 12
76 12 8
76 8 1
76 1 0
76 0 14
76 14 13
77 11 7
77 7 4
77 4 6
77 6 2
77 2 13
77 13 14
77 14 0
77 0 1
77 1 5
78 5 2
78 2 12
78 12 7
78 7 3
78 3 6
78 6 14
78 14 10
78 10 4
78 4 13
79 14 4
79 4 8
79 8 3
79 3 11
79 11 0
79 0 10
79 10 6
79 6 13
79 13 1
80 1 0
80 0 11
80 11 10
80 10 12
80 12 7
80 7 13
80 13 3
80 3 9
80 9 8
81 7 5
81 5 2
81 2 3
81 3 4
81 4 1
81 1 12
81 12 10
81 10 14
81 14 13
82 10 8
82 8 12
82 12 13
82 13 4
82 4 2
82 2 11
82 11 1
82 1 0
82 0 3
83 12 10
83 10 11
83 11 13
83 13 14
83 14 1
83 1 0
83 0 2
83 2 7
83 7 4
84 9 13
84 13 8
84 8 0
84 0 4
84 4 12
84 12 10
84 10 3
84 3 11
84 11 1
85 2 6
85 6 8
85 8 0
85 0 14
85 14 5
85 5 12
85 12 13
85 13 11
85 11 9
86 9 8
86 8 4
86 4 13
86 13 7
86 7 6
86 6 2
86 2 14
86 14 11
86 11 0
87 10 11
87 11 3
87 3 6
87 6 14
87 14 4
87 4 12
87 12 7
87 7 1
87 1 0
88 14 5
88 5 1
88 1 12
88 12 6
88 6 7
88 7 10
88 10 4
88 4 0
88 0 9
89 7 11
89 11 10
89 10 6
89 6 0
89 0 9
89 9 14
89 14 4
89 4 12
89 12 2
90 7 0
90 0 4
90 4 2
90 2 8
90 8 11
90 11 12
90 12 5
90 5 10
90 10 9
91 4 13
91 13 8
91 8 14
91 14 3
91 3 6
91 6 11
91 11 9
91 9 2
91 2 0
92 1 4
92 4 10
92 10 7
92 7 0
92 0 13
92 13 6
92 6 3
92 3 8
92 8 9
93 3 0
93 0 2
93 2 1
93 1 7
93 7 8
93 8 4
93 4 13
93 13 12
93 12 11
94 10 4
94 4 1
94 1 11
94 11 2
94 2 6
94 6 9
94 9 8
94 8 13
94 13 3
95 3 6
95 6 0
95 0 13
95 13 4
95 4 5
95 5 12
95 12 7
95 7 8
95 8 2
96 5 13
96 13 1
96 1 10
96 10 9
96 9 7
96 7 2
96 2 4
96 4 14
96 14 11
97 14 2
97 2 9
97 9 5
97 5 6
97 6 11
97 11 7
97 7 13
97 13 1
97 1 4
98 1 10
98 10 5
98 5 11
98 11 14
98 14 4
98 4 2
98 2 0
98 0 8
98 8 12
99 8 14
99 14 9
99 9 1
99 1 11
99 11 13
99 13 4
99 4 0
99 0 7
99 7 3
100 1 7
100 7 11
100 11 0
100 0 14
100 14 2
100 2 13
100 13 8
100 8 3
100 3 6
101 0 8
101 8 3
101 3 6
101 6 5
101 5 1
101 1 9
101 9 12
101 12 4
101 4 13
102 7 0
102 0 3
102 3 9
102 9 5
102 5 13
102 13 12
102 12 10
102 10 8
102 8 2
103 2 7
103 7 4
103 4 9
103 9 8
103 8 3
103 3 14
103 14 11
103 11 6
103 6 0
104 2 14
104 14 11
104 11 0
104 0 1
104 1 7
104 7 10
104 10 4
104 4 3
104 3 6
105 12 9
105 9 4
105 4 10
105 10 1
105 1 5
105 5 2
105 2 3
105 3 14
105 14 8
106 4 0
106 0 1
106 1 7
106 7 11
106 11 3
106 3 14
106 14 5
106 5 12
106 12 2
107 1 5
107 5 10
107 10 11
107 11 4
107 4 3
107 3 13
107 13 6
107 6 12
107 12 8
108 13 2
108 2 11
108 11 5
108 5 10
108 10 1
108 1 9
108 9 14
108 14 7
108 7 6
109 0 12
109 12 10
109 10 5
109 5 2
109 2 3
109 3 13
109 13 8
109 8 1
109 1 4
110 0 4
110 4 9
110 9 11
110 11 10
110 10 5
110 5 7
110 7 6
110 6 8
110 8 1
111 8 6
111 6 11
111 11 3
111 3 1
111 1 4
111 4 12
111 12 13
111 13 2
111 2 10
112 7 4
112 4 1
112 1 12
112 12 14
112 14 5
112 5 11
112 11 6
112 6 9
112 9 3
113 13 11
113 11 1
113 1 9
113 9 3
113 3 0
113 0 6
113 6 7
113 7 5
113 5 14
114 1 3
114 3 8
114 8 12
114 12 7
114 7 0
114 0 2
114 2 5
114 5 4
114 4 13
115 11 9
115 9 7
115 7 0
115 0 2
115 2 6
115 6 12
115 12 10
115 10 4
115 4 1
116 10 5
116 5 8
116 8 14
116 14 1
116 1 11
116 11 7
116 7 12
116 12 2
116 2 3
117 11 9
117 9 10
117 10 6
117 6 8
117 8 13
117 13 3
117 3 4
117 4 1
117 1 5
118 13 0
118 0 5
118 5 12
118 12 4
118 4 3
118 3 10
118 10 6
118 6 8
118 8 2
119 2 8
119 8 12
119 12 14
119 14 11
119 11 7
119 7 3
119 3 10
119 10 9
119 9 1
120 5 6
120 6 10
120 10 9
120 9 7
120 7 2
120 2 1
120 1 14
120 14 13
120 13 11
121 9 7
121 7 11
121 11 1
121 1 0
121 0 5
121 5 12
121 12 2
121 2 13
121 13 10
122 0 8
122 8 12
122 12 6
122 6 14
122 14 10
122 10 9
122 9 7
122 7 5
122 5 4
123 2 9
123 9 14
123 14 4
123 4 0
123 0 13
123 13 5
123 5 7
123 7 6
123 6 1
124 2 11
124 11 9
124 9 3
124 3 10
124 10 5
124 5 13
124 13 7
124 7 1
124 1 4
125 5 8
125 8 1
125 1 12
125 12 13
125 13 7
125 7 11
125 11 4
125 4 3
125 3 0
126 12 1
126 1 9
126 9 8
126 8 11
126 11 6
126 6 0
126 0 2
126 2 14
126 14 13
127 4 6
127 6 8
127 8 11
127 11 7
127 7 3
127 3 13
127 13 14
127 14 9
127 9 1
128 2 3
128 3 1
128 1 0
128 0 12
128 12 8
128 8 6
128 6 5
128 5 13
128 13 4
129 11 8
129 8 13
129 13 2
129 2 5
129 5 10
129 10 3
129 3 6
129 6 14
129 14 0
130 4 12
130 12 9
130 9 11
130 11 13
130 13 1
130 1 3
130 3 7
130 7 5
130 5 14
131 12 13
131 13 10
131 10 4
131 4 8
131 8 3
131 3 1
131 1 7
131 7 9
131 9 14
132 7 4
132 4 6
132 6 8
132 8 10
132 10 1
132 1 9
132 9 13
132 13 12
132 12 11
133 2 6
133 6 7
133 7 1
133 1 13
133 13 5
133 5 10
133 10 8
133 8 12
133 12 0
134 3 9
134 9 5
134 5 10
134 10 8
134 8 14
134 14 11
134 11 6
134 6 12
134 12 4
135 9 6
135 6 13
135 13 5
135 5 1
135 1 14
135 14 8
135 8 12
135 12 4
135 4 11
136 0 1
136 1 10
136 10 8
136 8 11
136 11 9
136 9 13
136 13 14
136 14 7
136 7 2
137 6 13
137 13 5
137 5 14
137 14 8
137 8 3
137 3 0
137 0 4
137 4 1
137 1 7
138 11 13
138 13 3
138 3 2
138 2 7
138 7 4
138 4 0
138 0 6
138 6 9
138 9 1
139 12 13
139 13 8
139 8 5
139 5 10
139 10 9
139 9 3
139 3 2
139 2 7
139 7 14
140 12 14
140 14 7
140 7 8
140 8 3
140 3 0
140 0 10
140 10 6
140 6 9
140 9 4
141 6 14
141 14 2
141 2 11
141 11 1
141 1 7
141 7 4
141 4 13
141 13 3
141 3 9
142 7 0
142 0 13
142 13 10
142 10 5
142 5 2
142 2 1
142 1 9
142 9 4
142 4 14
143 0 9
143 9 10
143 10 14
143 14 3
143 3 12
143 12 13
143 13 7
143 7 11
143 11 6
144 1 6
144 6 14
144 14 13
144 13 11
144 11 0
144 0 12
144 12 4
144 4 3
144 3 5
145 6 13
145 13 12
145 12 0
145 0 9
145 9 7
145 7 8
145 8 14
145 14 5
145 5 1
146 13 11
146 11 12
146 12 5
146 5 7
146 7 2
146 2 10
146 10 1
146 1 4
146 4 9
147 8 11
147 11 9
147 9 2
147 2 4
147 4 14
147 14 10
147 10 3
147 3 0
147 0 1
148 2 4
148 4 3
148 3 5
148 5 13
148 13 0
148 0 9
148 9 1
148 1 8
148 8 14
149 5 2
149 2 1
149 1 14
149 14 8
149 8 7
149 7 12
149 12 13
149 13 10
149 10 4
150 1 8
150 8 5
150 5 0
150 0 14
150 14 11
150 11 13
150 13 10
150 10 2
150 2 12
151 6 0
151 0 9
151 9 1
151 1 12
151 12 10
151 10 4
151 4 8
151 8 2
151 2 14
152 3 5
152 5 8
152 8 14
152 14 12
152 12 2
152 2 13
152 13 6
152 6 0
152 0 11
153 8 5
153 5 11
153 11 0
153 0 10
153 10 6
153 6 3
153 3 4
153 4 1
153 1 7
154 2 7
154 7 14
154 14 4
154 4 6
154 6 10
154 10 3
154 3 5
154 5 8
154 8 13
155 13 10
155 10 2
155 2 5
155 5 12
155 12 3
155 3 7
155 7 0
155 0 14
155 14 8
156 4 14
156 14 13
156 13 11
156 11 1
156 1 2
156 2 12
156 12 9
156 9 5
156 5 10
157 1 7
157 7 8
157 8 2
157 2 10
157 10 5
157 5 13
157 13 14
157 14 12
157 12 11
158 9 3
158 3 12
158 12 14
158 14 10
158 10 7
158 7 5
158 5 8
158 8 13
158 13 1
159 5 6
159 6 11
159 11 4
159 4 0
159 0 1
159 1 7
159 7 13
159 13 8
159 8 14
160 0 8
160 8 4
160 4 6
160 6 7
160 7 12
160 12 10
160 10 5
160 5 11
160 11 9
161 8 1
161 1 14
161 14 0
161 0 6
161 6 11
161 11 4
161 4 12
161 12 7
161 7 5
162 3 1
162 1 6
162 6 9
162 9 4
162 4 11
162 11 5
162 5 12
162 12 7
162 7 13
163 8 2
163 2 9
163 9 14
163 14 0
163 0 1
163 1 5
163 5 3
163 3 12
163 12 4
164 2 14
164 14 1
164 1 3
164 3 9
164 9 4
164 4 0
164 0 12
164 12 8
164 8 11
165 3 7
165 7 11
165 11 13
165 13 2
165 2 6
165 6 9
165 9 4
165 4 12
165 12 8
166 9 5
166 5 11
166 11 14
166 14 12
166 12 4
166 4 6
166 6 8
166 8 0
166 0 2
167 5 12
167 12 13
167 13 2
167 2 8
167 8 6
167 6 11
167 11 10
167 10 1
167 1 0
168 8 5
168 5 13
168 13 2
168 2 7
168 7 9
168 9 6
168 6 14
168 14 3
168 3 4
169 9 5
169 5 7
169 7 13
169 13 6
169 6 8
169 8 12
169 12 10
169 10 11
169 11 4
170 0 7
170 7 2
170 2 12
170 12 3
170 3 5
170 5 8
170 8 13
170 13 1
170 1 14
171 2 10
171 10 8
171 8 11
171 11 0
171 0 3
171 3 5
171 5 9
171 9 13
171 13 4
172 5 2
172 2 8
172 8 7
172 7 6
172 6 14
172 14 10
172 10 3
172 3 0
172 0 13
173 6 0
173 0 8
173 8 1
173 1 11
173 11 12
173 12 7
173 7 4
173 4 9
173 9 5
174 5 11
174 11 4
174 4 13
174 13 6
174 6 8
174 8 14
174 14 2
174 2 7
174 7 10
175 11 1
175 1 6
175 6 10
175 10 7
175 7 0
175 0 2
175 2 4
175 4 5
175 5 14
176 1 4
176 4 8
176 8 10
176 10 14
176 14 9
176 9 5
176 5 2
176 2 0
176 0 12
177 11 7
177 7 9
177 9 0
177 0 14
177 14 6
177 6 5
177 5 2
177 2 3
177 3 10
178 6 11
178 11 10
178 10 3
178 3 13
178 13 9
178 9 0
178 0 2
178 2 7
178 7 1
179 2 10
179 10 7
179 7 12
179 12 3
179 3 14
179 14 9
179 9 4
179 4 11
179 11 0
180 2 10
180 10 0
180 0 7
180 7 12
180 12 11
180 11 4
180 4 6
180 6 3
180 3 5
181 9 0
181 0 6
181 6 2
181 2 13
181 13 1
181 1 10
181 10 14
181 14 7
181 7 11
182 3 2
182 2 5
182 5 12
182 12 4
182 4 9
182 9 14
182 14 6
182 6 1
182 1 0
183 14 3
183 3 5
183 5 10
183 10 2
183 2 13
183 13 12
183 12 0
183 0 4
183 4 11
184 3 1
184 1 5
184 5 2
184 2 6
184 6 12
184 12 13
184 13 8
184 8 14
184 14 4
185 14 13
185 13 5
185 5 1
185 1 8
185 8 7
185 7 10
185 10 6
185 6 3
185 3 4
186 5 0
186 0 4
186 4 10
186 10 1
186 1 9
186 9 8
186 8 14
186 14 3
186 3 13
187 10 8
187 8 11
187 11 9
187 9 14
187 14 0
187 0 3
187 3 13
187 13 6
187 6 5
188 14 0
188 0 12
188 12 11
188 11 8
188 8 9
188 9 6
188 6 5
188 5 2
188 2 1
189 12 14
189 14 6
189 6 8
189 8 7
189 7 0
189 0 11
189 11 2
189 2 5
189 5 1
190 7 3
190 3 4
190 4 1
190 1 11
190 11 6
190 6 13
190 13 0
190 0 9
190 9 14
191 3 4
191 4 12
191 12 10
191 10 1
191 1 0
191 0 11
191 11 13
191 13 2
191 2 8
192 13 3
192 3 2
192 2 10
192 10 11
192 11 5
192 5 1
192 1 8
192 8 9
192 9 12
193 8 6
193 6 3
193 3 5
193 5 2
193 2 4
193 4 1
193 1 7
193 7 13
193 13 11
194 14 6
194 6 9
194 9 3
194 3 1
194 1 5
194 5 11
194 11 0
194 0 10
194 10 4
195 12 10
195 10 8
195 8 1
195 1 3
195 3 9
195 9 2
195 2 11
195 11 14
195 14 7
196 0 12
196 12 8
196 8 6
196 6 1
196 1 2
196 2 10
196 10 7
196 7 14
196 14 3
197 2 6
197 6 8
197 8 7
197 7 11
197 11 14
197 14 0
197 0 9
197 9 12
197 12 5
198 8 7
198 7 12
198 12 13
198 13 3
198 3 6
198 6 5
198 5 9
198 9 4
198 4 14
199 7 4
199 4 14
199 14 3
199 3 0
199 0 13
199 13 6
199 6 12
199 12 11
199 11 9
200 10 13
200 13 2
200 2 12
200 12 0
200 0 9
200 9 14
200 14 6
200 6 8
200 8 3
201 4 14
201 14 5
201 5 7
201 7 2
201 2 0
201 0 11
201 11 10
201 10 6
201 6 9
202 5 0
202 0 12
202 12 10
202 10 6
202 6 3
202 3 11
202 11 13
202 13 2
202 2 4
203 0 4
203 4 11
203 11 13
203 13 14
203 14 12
203 12 7
203 7 1
203 1 6
203 6 10
204 11 14
204 14 7
204 7 8
204 8 6
204 6 4
204 4 12
204 12 0
204 0 5
204 5 9
205 9 1
205 1 13
205 13 12
205 12 7
205 7 5
205 5 10
205 10 3
205 3 0
205 0 8
206 13 4
206 4 5
206 5 3
206 3 14
206 14 2
206 2 11
206 11 9
206 9 6
206 6 12
207 6 14
207 14 3
207 3 7
207 7 9
207 9 2
207 2 13
207 13 11
207 11 0
207 0 12
208 7 2
208 2 9
208 9 13
208 13 12
208 12 0
208 0 6
208 6 3
208 3 4
208 4 5
209 9 7
209 7 1
209 1 11
209 11 10
209 10 8
209 8 2
209 2 13
209 13 0
209 0 5
210 8 2
210 2 6
210 6 3
210 3 1
210 1 14
210 14 9
210 9 4
210 4 11
210 11 12
211 11 4
211 4 10
211 10 5
211 5 13
211 13 1
211 1 2
211 2 6
211 6 8
211 8 7
212 7 4
212 4 10
212 10 0
212 0 3
212 3 13
212 13 9
212 9 14
212 14 6
212 6 8
213 9 0
213 0 3
213 3 14
213 14 10
213 10 1
213 1 11
213 11 4
213 4 12
213 12 6
214 7 12
214 12 14
214 14 6
214 6 4
214 4 10
214 10 13
214 13 3
214 3 0
214 0 9
215 2 11
215 11 14
215 14 6
215 6 1
215 1 13
215 13 8
215 8 0
215 0 7
215 7 4
216 6 2
216 2 8
216 8 0
216 0 12
216 12 11
216 11 1
216 1 4
216 4 3
216 3 14
217 5 8
217 8 10
217 10 0
217 0 11
217 11 6
217 6 4
217 4 14
217 14 9
217 9 1
218 4 2
218 2 1
218 1 10
218 10 13
218 13 6
218 6 12
218 12 5
218 5 14
218 14 9
219 4 13
219 13 5
219 5 0
219 0 14
219 14 7
219 7 10
219 10 9
219 9 8
219 8 11
220 13 4
220 4 8
220 8 0
220 0 2
220 2 6
220 6 14
220 14 11
220 11 7
220 7 9
221 3 13
221 13 8
221 8 7
221 7 10
221 10 4
221 4 0
221 0 2
221 2 12
221 12 14
222 11 8
222 8 6
222 6 14
222 14 9
222 9 2
222 2 5
222 5 0
222 0 4
222 4 1
223 9 4
223 4 10
223 10 8
223 8 14
223 14 1
223 1 12
223 12 0
223 0 6
223 6 7
224 8 1
224 1 4
224 4 0
224 0 3
224 3 2
224 2 10
224 10 7
224 7 11
224 11 6
225 14 1
225 1 8
225 8 4
225 4 13
225 13 3
225 3 6
225 6 10
225 10 11
225 11 7
226 7 10
226 10 3
226 3 8
226 8 13
226 13 6
226 6 0
226 0 14
226 14 2
226 2 11
227 8 1
227 1 7
227 7 4
227 4 6
227 6 12
227 12 13
227 13 11
227 11 0
227 0 5
228 7 1
228 1 9
228 9 4
228 4 8
228 8 2
228 2 5
228 5 3
228 3 0
228 0 6
229 1 6
229 6 9
229 9 8
229 8 4
229 4 7
229 7 5
229 5 2
229 2 0
229 0 14
230 3 11
230 11 8
230 8 9
230 9 4
230 4 13
230 13 14
230 14 2
230 2 1
230 1 0
231 14 12
231 12 7
231 7 8
231 8 10
231 10 3
231 3 1
231 1 6
231 6 11
231 11 5
232 7 11
232 11 12
232 12 13
232 13 14
232 14 0
232 0 8
232 8 1
232 1 6
232 6 2
233 0 12
233 12 5
233 5 7
233 7 9
233 9 8
233 8 10
233 10 13
233 13 11
233 11 3
234 11 7
234 7 14
234 14 5
234 5 8
234 8 9
234 9 0
234 0 3
234 3 13
234 13 1
235 5 9
235 9 6
235 6 13
235 13 0
235 0 1
235 1 11
235 11 2
235 2 3
235 3 12
236 1 6
236 6 10
236 10 8
236 8 13
236 13 12
236 12 11
236 11 14
236 14 9
236 9 4
237 5 3
237 3 6
237 6 11
237 11 8
237 8 13
237 13 7
237 7 4
237 4 10
237 10 2
238 10 8
238 8 9
238 9 3
238 3 12
238 12 4
238 4 2
238 2 6
238 6 14
238 14 1
239 13 7
239 7 3
239 3 14
239 14 6
239 6 10
239 10 2
239 2 5
239 5 0
239 0 4
240 5 8
240 8 12
240 12 14
240 14 1
240 1 2
240 2 6
240 6 4
240 4 13
240 13 9
241 6 14
241 14 3
241 3 2
241 2 12
241 12 9
241 9 0
241 0 7
241 7 10
241 10 13
242 1 13
242 13 6
242 6 3
242 3 9
242 9 7
242 7 11
242 11 4
242 4 5
242 5 14
243 9 14
243 14 8
243 8 1
243 1 3
243 3 10
243 10 13
243 13 0
243 0 2
243 2 4
244 4 0
244 0 6
244 6 7
244 7 10
244 10 12
244 12 11
244 11 5
244 5 13
244 13 9
245 1 9
245 9 12
245 12 13
245 13 6
245 6 14
245 14 5
245 5 2
245 2 7
245 7 3
246 3 4
246 4 6
246 6 13
246 13 2
246 2 5
246 5 1
246 1 12
246 12 7
246 7 0
247 11 8
247 8 5
247 5 2
247 2 1
247 1 13
247 13 0
247 0 6
247 6 3
247 3 7
248 12 2
248 2 14
248 14 4
248 4 11
248 11 9
248 9 13
248 13 3
248 3 1
248 1 6
249 13 11
249 11 10
249 10 1
249 1 0
249 0 9
249 9 6
249 6 4
249 4 5
249 5 14
250 11 0
250 0 6
250 6 10
250 10 3
250 3 13
250 13 4
250 4 5
250 5 1
250 1 14
251 10 11
251 11 6
251 6 7
251 7 5
251 5 8
251 8 12
251 12 1
251 1 2
251 2 9
252 13 10
252 10 3
252 3 9
252 9 1
252 1 8
252 8 5
252 5 0
252 0 4
252 4 11
253 11 8
253 8 6
253 6 0
253 0 10
253 10 2
253 2 7
253 7 3
253 3 14
253 14 12
254 1 6
254 6 9
254 9 12
254 12 13
254 13 8
254 8 5
254 5 2
254 2 11
254 11 3
255 4 9
255 9 13
255 13 11
255 11 3
255 3 10
255 10 8
255 8 1
255 1 2
255 2 6
256 6 14
256 14 0
256 0 5
256 5 12
256 12 10
256 10 7
256 7 4
256 4 1
256 1 11
257 5 6
257 6 9
257 9 2
257 2 8
257 8 13
257 13 3
257 3 14
257 14 0
257 0 1
258 1 6
258 6 5
258 5 14
258 14 4
258 4 2
258 2 9
258 9 13
258 13 0
258 0 3
259 0 13
259 13 5
259 5 3
259 3 6
259 6 7
259 7 1
259 1 4
259 4 8
259 8 11
260 1 12
260 12 13
260 13 10
260 10 5
260 5 0
260 0 7
260 7 8
260 8 4
260 4 6
261 10 14
261 14 0
261 0 11
261 11 1
261 1 13
261 13 9
261 9 5
261 5 4
261 4 12
262 5 4
262 4 1
262 1 10
262 10 11
262 11 3
262 3 6
262 6 8
262 8 9
262 9 14
263 0 3
263 3 5
263 5 8
263 8 11
263 11 12
263 12 9
263 9 4
263 4 14
263 14 13
264 14 2
264 2 12
264 12 8
264 8 1
264 1 6
264 6 4
264 4 3
264 3 5
264 5 13
265 3 6
265 6 2
265 2 14
265 14 12
265 12 9
265 9 5
265 5 13
265 13 11
265 11 4
266 7 5
266 5 9
266 9 13
266 13 12
266 12 8
266 8 3
266 3 1
266 1 4
266 4 11
267 5 3
267 3 8
267 8 0
267 0 13
267 13 1
267 1 2
267 2 14
267 14 10
267 10 6
268 12 2
268 2 13
268 13 8
268 8 14
268 14 9
268 9 10
268 10 11
268 11 6
268 6 7
269 14 9
269 9 0
269 0 5
269 5 10
269 10 4
269 4 2
269 2 12
269 12 6
269 6 1
270 9 7
270 7 3
270 3 10
270 10 13
270 13 11
270 11 2
270 2 1
270 1 6
270 6 4
271 11 10
271 10 13
271 13 14
271 14 12
271 12 5
271 5 4
271 4 8
271 8 7
271 7 3
272 7 13
272 13 9
272 9 8
272 8 0
272 0 11
272 11 1
272 1 2
272 2 3
272 3 12
273 3 13
273 13 14
273 14 0
273 0 10
273 10 9
273 9 7
273 7 11
273 11 1
273 1 2
274 6 3
274 3 7
274 7 13
274 13 10
274 10 14
274 14 9
274 9 4
274 4 2
274 2 1
275 7 5
275 5 10
275 10 3
275 3 1
275 1 4
275 4 12
275 12 13
275 13 8
275 8 9
276 1 3
276 3 2
276 2 12
276 12 5
276 5 8
276 8 4
276 4 7
276 7 11
276 11 13
277 4 10
277 10 6
277 6 12
277 12 8
277 8 5
277 5 2
277 2 0
277 0 1
277 1 11
278 0 3
278 3 13
278 13 8
278 8 1
278 1 2
278 2 7
278 7 5
278 5 6
278 6 10
279 4 7
279 7 1
279 1 0
279 0 5
279 5 9
279 9 2
279 2 10
279 10 13
279 13 3
280 2 6
280 6 5
280 5 4
280 4 0
280 0 12
280 12 14
280 14 10
280 10 3
280 3 13
281 2 13
281 13 10
281 10 14
281 14 8
281 8 4
281 4 12
281 12 9
281 9 11
281 11 1
282 6 9
282 9 8
282 8 5
282 5 2
282 2 7
282 7 3
282 3 0
282 0 10
282 10 1
283 0 4
283 4 7
283 7 12
283 12 13
283 13 10
283 10 9
283 9 8
283 8 6
283 6 3
284 12 7
284 7 1
284 1 13
284 13 9
284 9 4
284 4 14
284 14 0
284 0 2
284 2 11
285 7 1
285 1 11
285 11 8
285 8 3
285 3 0
285 0 12
285 12 4
285 4 13
285 13 2
286 3 1
286 1 9
286 9 0
286 0 7
286 7 5
286 5 6
286 6 11
286 11 4
286 4 14
287 8 2
287 2 11
287 11 13
287 13 9
287 9 0
287 0 10
287 10 12
287 12 14
287 14 1
288 11 0
288 0 3
288 3 13
288 13 12
288 12 7
288 7 14
288 14 8
288 8 6
288 6 9
289 2 6
289 6 5
289 5 8
289 8 12
289 12 14
289 14 11
289 11 9
289 9 13
289 13 7
290 2 0
290 0 6
290 6 1
290 1 3
290 3 7
290 7 5
290 5 10
290 10 8
290 8 4
291 6 5
291 5 13
291 13 1
291 1 9
291 9 14
291 14 11
291 11 3
291 3 2
291 2 8
292 11 3
292 3 6
292 6 5
292 5 1
292 1 4
292 4 0
292 0 12
292 12 13
292 13 9
293 11 0
293 0 9
293 9 14
293 14 8
293 8 2
293 2 6
293 6 3
293 3 12
293 12 1
294 9 13
294 13 10
294 10 7
294 7 2
294 2 11
294 11 12
294 12 1
294 1 0
294 0 8
295 10 9
295 9 12
295 12 14
295 14 7
295 7 6
295 6 2
295 2 5
295 5 8
295 8 3
296 12 10
296 10 0
296 0 8
296 8 13
296 13 3
296 3 11
296 11 9
296 9 14
296 14 4
297 5 3
297 3 11
297 11 4
297 4 12
297 12 10
297 10 9
297 9 14
297 14 13
297 13 7
298 6 9
298 9 11
298 11 13
298 13 2
298 2 1
298 1 14
298 14 0
298 0 8
298 8 5
299 3 12
299 12 10
299 10 5
299 5 8
299 8 4
299 4 11
299 11 13
299 13 2
299 2 1
300 2 3
300 3 10
300 10 7
300 7 1
300 1 5
300 5 0
300 0 6
300 6 8
300 8 12
301 5 6
301 6 14
301 14 0
301 0 13
301 13 8
301 8 9
301 9 10
301 10 7
301 7 2
302 14 3
302 3 6
302 6 8
302 8 4
302 4 7
302 7 0
302 0 5
302 5 11
302 11 10
303 10 4
303 4 13
303 13 0
303 0 14
303 14 6
303 6 1
303 1 8
303 8 5
303 5 3
304 7 5
304 5 14
304 14 4
304 4 1
304 1 6
304 6 12
304 12 10
304 10 3
304 3 13
305 13 0
305 0 10
305 10 7
305 7 4
305 4 2
305 2 11
305 11 12
305 12 3
305 3 8
306 14 10
306 10 9
306 9 13
306 13 11
306 11 3
306 3 12
306 12 7
306 7 2
306 2 4
307 10 2
307 2 13
307 13 6
307 6 7
307 7 3
307 3 5
307 5 12
307 12 0
307 0 1
308 14 9
308 9 5
308 5 10
308 10 11
308 11 4
308 4 7
308 7 8
308 8 0
308 0 13
309 5 2
309 2 1
309 1 8
309 8 9
309 9 4
309 4 12
309 12 6
309 6 11
309 11 10
310 13 3
310 3 11
310 11 1
310 1 4
310 4 10
310 10 9
310 9 6
310 6 8
310 8 0
311 0 11
311 11 8
311 8 2
311 2 4
311 4 13
311 13 5
311 5 9
311 9 10
311 10 1
312 12 3
312 3 10
312 10 9
312 9 14
312 14 7
312 7 6
312 6 0
312 0 2
312 2 13
313 8 5
313 5 6
313 6 3
313 3 7
313 7 2
313 2 0
313 0 13
313 13 10
313 10 12
314 11 8
314 8 13
314 13 12
314 12 2
314 2 4
314 4 0
314 0 7
314 7 5
314 5 14
315 12 1
315 1 11
315 11 8
315 8 10
315 10 6
315 6 7
315 7 14
315 14 4
315 4 2
316 2 0
316 0 9
316 9 14
316 14 7
316 7 1
316 1 8
316 8 4
316 4 11
316 11 6
317 14 2
317 2 3
317 3 0
317 0 13
317 13 1
317 1 6
317 6 4
317 4 7
317 7 9
318 8 10
318 10 5
318 5 13
318 13 12
318 12 6
318 6 9
318 9 3
318 3 2
318 2 0
319 8 10
319 10 1
319 1 7
319 7 6
319 6 9
319 9 5
319 5 13
319 13 0
319 0 2
320 6 3
320 3 9
320 9 2
320 2 12
320 12 4
320 4 14
320 14 1
320 1 13
320 13 7
321 5 11
321 11 0
321 0 1
321 1 12
321 12 13
321 13 10
321 10 2
321 2 3
321 3 6
322 11 7
322 7 13
322 13 3
322 3 4
322 4 12
322 12 14
322 14 5
322 5 1
322 1 9
323 1 5
323 5 11
323 11 14
323 14 4
323 4 2
323 2 3
323 3 0
323 0 9
323 9 6
324 10 12
324 12 4
324 4 0
324 0 3
324 3 14
324 14 7
324 7 9
324 9 13
324 13 1
325 9 8
325 8 11
325 11 6
325 6 10
325 10 4
325 4 12
325 12 14
325 14 0
325 0 13
326 13 14
326 14 4
326 4 2
326 2 3
326 3 6
326 6 8
326 8 10
326 10 7
326 7 9
327 10 5
327 5 9
327 9 1
327 1 3
327 3 11
327 11 13
327 13 8
327 8 6
327 6 12
328 14 7
328 7 2
328 2 1
328 1 8
328 8 5
328 5 12
328 12 10
328 10 11
328 11 13
329 7 9
329 9 5
329 5 4
329 4 13
329 13 3
329 3 14
329 14 11
329 11 12
329 12 2
330 0 7
330 7 2
330 2 8
330 8 6
330 6 9
330 9 4
330 4 3
330 3 10
330 10 13
331 8 1
331 1 14
331 14 6
331 6 9
331 9 7
331 7 13
331 13 4
331 4 5
331 5 10
332 3 13
332 13 4
332 4 6
332 6 11
332 11 1
332 1 7
332 7 9
332 9 14
332 14 5
333 2 1
333 1 0
333 0 14
333 14 13
333 13 8
333 8 6
333 6 5
333 5 9
333 9 7
334 3 9
334 9 2
334 2 13
334 13 1
334 1 12
334 12 5
334 5 8
334 8 7
334 7 14
335 7 0
335 0 13
335 13 9
335 9 3
335 3 14
335 14 8
335 8 2
335 2 1
335 1 4
336 9 2
336 2 12
336 12 8
336 8 13
336 13 6
336 6 4
336 4 14
336 14 10
336 10 5
337 11 3
337 3 6
337 6 10
337 10 13
337 13 12
337 12 14
337 14 8
337 8 5
337 5 1
338 10 8
338 8 5
338 5 6
338 6 2
338 2 13
338 13 1
338 1 12
338 12 3
338 3 11
339 2 0
339 0 9
339 9 8
339 8 4
339 4 7
339 7 10
339 10 5
339 5 14
339 14 12
340 4 10
340 10 11
340 11 2
340 2 0
340 0 14
340 14 12
340 12 6
340 6 5
340 5 3
341 4 3
341 3 1
341 1 12
341 12 2
341 2 8
341 8 10
341 10 13
341 13 6
341 6 7
342 7 10
342 10 3
342 3 14
342 14 13
342 13 1
342 1 5
342 5 8
342 8 4
342 4 2
343 7 5
343 5 8
343 8 10
343 10 9
343 9 11
343 11 4
343 4 12
343 12 6
343 6 0
344 9 11
344 11 12
344 12 5
344 5 1
344 1 2
344 2 14
344 14 6
344 6 7
344 7 0
345 1 11
345 11 0
345 0 4
345 4 8
345 8 5
345 5 9
345 9 13
345 13 12
345 12 10
346 0 7
346 7 1
346 1 9
346 9 10
346 10 4
346 4 6
346 6 12
346 12 3
346 3 5
347 6 13
347 13 10
347 10 11
347 11 8
347 8 14
347 14 9
347 9 2
347 2 12
347 12 0
348 10 2
348 2 12
348 12 11
348 11 3
348 3 9
348 9 14
348 14 6
348 6 5
348 5 1
349 14 11
349 11 9
349 9 2
349 2 4
349 4 12
349 12 7
349 7 3
349 3 13
349 13 6
350 0 10
350 10 11
350 11 7
350 7 6
350 6 1
350 1 13
350 13 9
350 9 5
350 5 4
351 6 12
351 12 10
351 10 4
351 4 5
351 5 7
351 7 14
351 14 11
351 11 9
351 9 13
352 13 11
352 11 4
352 4 10
352 10 14
352 14 12
352 12 8
352 8 6
352 6 2
352 2 5
353 8 1
353 1 4
353 4 10
353 10 13
353 13 11
353 11 9
353 9 0
353 0 5
353 5 6
354 8 9
354 9 7
354 7 12
354 12 1
354 1 13
354 13 4
354 4 3
354 3 14
354 14 2
355 5 1
355 1 4
355 4 9
355 9 11
355 11 13
355 13 7
355 7 0
355 0 14
355 14 10
356 4 13
356 13 9
356 9 11
356 11 12
356 12 3
356 3 8
356 8 0
356 0 7
356 7 5
357 10 13
357 13 12
357 12 4
357 4 1
357 1 6
357 6 11
357 11 2
357 2 0
357 0 7
358 8 7
358 7 3
358 3 4
358 4 0
358 0 13
358 13 9
358 9 14
358 14 5
358 5 1
359 6 1
359 1 8
359 8 4
359 4 7
359 7 0
359 0 5
359 5 12
359 12 14
359 14 11
360 7 4
360 4 6
360 6 14
360 14 9
360 9 5
360 5 10
360 10 1
360 1 2
360 2 0
361 3 11
361 11 10
361 10 5
361 5 12
361 12 9
361 9 2
361 2 0
361 0 13
361 13 14
362 12 13
362 13 8
362 8 2
362 2 0
362 0 4
362 4 1
362 1 7
362 7 6
362 6 3
363 1 9
363 9 14
363 14 13
363 13 11
363 11 2
363 2 8
363 8 0
363 0 6
363 6 4
364 14 4
364 4 3
364 3 1
364 1 11
364 11 13
364 13 2
364 2 9
364 9 6
364 6 7
365 5 13
365 13 0
365 0 9
365 9 7
365 7 11
365 11 14
365 14 8
365 8 6
365 6 3
366 2 3
366 3 0
366 0 7
366 7 6
366 6 10
366 10 12
366 12 8
366 8 13
366 13 4
367 10 4
367 4 2
367 2 3
367 3 1
367 1 13
367 13 7
367 7 14
367 14 6
367 6 8
368 3 13
368 13 5
368 5 0
368 0 8
368 8 9
368 9 10
368 10 7
368 7 4
368 4 6
369 0 4
369 4 3
369 3 2
369 2 10
369 10 13
369 13 14
369 14 5
369 5 12
369 12 1
370 8 0
370 0 13
370 13 10
370 10 12
370 12 11
370 11 3
370 3 5
370 5 1
370 1 9
371 7 13
371 13 8
371 8 5
371 5 1
371 1 14
371 14 3
371 3 6
371 6 4
371 4 9
372 1 7
372 7 4
372 4 8
372 8 6
372 6 0
372 0 14
372 14 12
372 12 10
372 10 3
373 10 4
373 4 5
373 5 7
373 7 13
373 13 1
373 1 12
373 12 6
373 6 14
373 14 9
374 4 9
374 9 11
374 11 5
374 5 13
374 13 10
374 10 6
374 6 8
374 8 7
374 7 2
375 2 11
375 11 4
375 4 6
375 6 7
375 7 0
375 0 8
375 8 3
375 3 5
375 5 14
376 1 12
376 12 0
376 0 11
376 11 2
376 2 10
376 10 14
376 14 13
376 13 7
376 7 6
377 10 0
377 0 12
377 12 13
377 13 3
377 3 8
377 8 9
377 9 11
377 11 1
377 1 4
378 10 13
378 13 14
378 14 2
378 2 9
378 9 6
378 6 3
378 3 8
378 8 4
378 4 1
379 6 9
379 9 1
379 1 11
379 11 14
379 14 5
379 5 12
379 12 4
379 4 13
379 13 2
380 4 6
380 6 2
380 2 14
380 14 5
380 5 13
380 13 8
380 8 3
380 3 11
380 11 7
381 10 5
381 5 4
381 4 13
381 13 7
381 7 2
381 2 6
381 6 3
381 3 8
381 8 9
382 0 12
382 12 14
382 14 8
382 8 7
382 7 3
382 3 9
382 9 11
382 11 13
382 13 2
383 4 6
383 6 9
383 9 14
383 14 12
383 12 8
383 8 3
383 3 1
383 1 5
383 5 0
384 13 5
384 5 10
384 10 3
384 3 9
384 9 6
384 6 12
384 12 2
384 2 0
384 0 4
385 8 7
385 7 9
385 9 2
385 2 13
385 13 1
385 1 5
385 5 6
385 6 3
385 3 0
386 9 0
386 0 3
386 3 2
386 2 8
386 8 7
386 7 14
386 14 4
386 4 5
386 5 11
387 9 1
387 1 2
387 2 0
387 0 12
387 12 6
387 6 10
387 10 7
387 7 13
387 13 3
388 10 0
388 0 5
388 5 7
388 7 3
388 3 1
388 1 14
388 14 9
388 9 11
388 11 4
389 12 14
389 14 10
389 10 0
389 0 8
389 8 5
389 5 4
389 4 13
389 13 1
389 1 9
390 4 8
390 8 1
390 1 5
390 5 11
390 11 14
390 14 13
390 13 0
390 0 2
390 2 10
391 14 0
391 0 1
391 1 2
391 2 12
391 12 4
391 4 11
391 11 7
391 7 5
391 5 8
392 12 3
392 3 8
392 8 2
392 2 0
392 0 11
392 11 7
392 7 9
392 9 10
392 10 13
393 5 12
393 12 9
393 9 3
393 3 8
393 8 1
393 1 6
393 6 2
393 2 0
393 0 14
394 8 6
394 6 4
394 4 7
394 7 13
394 13 1
394 1 11
394 11 3
394 3 2
394 2 14
395 13 10
395 10 9
395 9 11
395 11 3
395 3 1
395 1 8
395 8 7
395 7 0
395 0 14
396 1 8
396 8 7
396 7 13
396 13 2
396 2 9
396 9 12
396 12 3
396 3 10
396 10 4
397 9 4
397 4 14
397 14 11
397 11 10
397 10 12
397 12 13
397 13 7
397 7 2
397 2 5
398 0 12
398 12 7
398 7 6
398 6 14
398 14 4
398 4 8
398 8 1
398 1 13
398 13 2
399 1 4
399 4 11
399 11 14
399 14 2
399 2 9
399 9 12
399 12 13
399 13 5
399 5 3
400 2 9
400 9 11
400 11 5
400 5 13
400 13 8
400 8 0
400 0 3
400 3 7
400 7 10
401 14 6
401 6 8
401 8 5
401 5 13
401 13 4
401 4 7
401 7 10
401 10 12
401 12 11
402 4 1
402 1 12
402 12 0
402 0 3
402 3 9
402 9 13
402 13 6
402 6 5
402 5 11
403 8 4
403 4 12
403 12 14
403 14 11
403 11 5
403 5 2
403 2 0
403 0 10
403 10 3
404 13 10
404 10 2
404 2 1
404 1 6
404 6 11
404 11 14
404 14 4
404 4 7
404 7 5
405 5 9
405 9 0
405 0 7
405 7 1
405 1 10
405 10 14
405 14 6
405 6 13
405 13 8
406 1 2
406 2 0
406 0 3
406 3 5
406 5 10
406 10 8
406 8 11
406 11 7
406 7 14
407 4 0
407 0 1
407 1 12
407 12 13
407 13 10
407 10 11
407 11 6
407 6 3
407 3 2
408 13 6
408 6 3
408 3 2
408 2 12
408 12 9
408 9 10
408 10 7
408 7 8
408 8 0
409 5 8
409 8 13
409 13 9
409 9 3
409 3 7
409 7 0
409 0 14
409 14 10
409 10 11
410 10 2
410 2 3
410 3 13
410 13 11
410 11 1
410 1 4
410 4 0
410 0 9
410 9 14
411 1 4
411 4 6
411 6 11
411 11 10
411 10 0
411 0 5
411 5 13
411 13 12
411 12 7
412 9 7
412 7 14
412 14 10
412 10 12
412 12 2
412 2 1
412 1 4
412 4 5
412 5 8
413 0 2
413 2 8
413 8 7
413 7 11
413 11 9
413 9 13
413 13 6
413 6 12
413 12 3
414 7 3
414 3 6
414 6 9
414 9 12
414 12 8
414 8 5
414 5 11
414 11 1
414 1 13
415 2 0
415 0 3
415 3 5
415 5 12
415 12 6
415 6 11
415 11 9
415 9 1
415 1 7
416 3 14
416 14 4
416 4 11
416 11 6
416 6 1
416 1 12
416 12 9
416 9 13
416 13 10
417 6 5
417 5 13
417 13 3
417 3 1
417 1 11
417 11 9
417 9 4
417 4 7
417 7 14
418 0 1
418 1 10
418 10 12
418 12 14
418 14 4
418 4 7
418 7 9
418 9 3
418 3 13
419 5 6
419 6 1
419 1 8
419 8 9
419 9 11
419 11 14
419 14 13
419 13 3
419 3 7
420 10 3
420 3 4
420 4 8
420 8 7
420 7 14
420 14 11
420 11 0
420 0 9
420 9 13
421 11 12
421 12 8
421 8 13
421 13 14
421 14 6
421 6 1
421 1 2
421 2 9
421 9 5
422 5 12
422 12 4
422 4 9
422 9 14
422 14 7
422 7 8
422 8 10
422 10 3
422 3 13
423 1 7
423 7 2
423 2 10
423 10 13
423 13 4
423 4 14
423 14 12
423 12 6
423 6 11
424 11 7
424 7 12
424 12 1
424 1 8
424 8 9
424 9 5
424 5 14
424 14 2
424 2 13
425 14 12
425 12 5
425 5 10
425 10 4
425 4 6
425 6 3
425 3 8
425 8 9
425 9 13
426 9 12
426 12 0
426 0 11
426 11 1
426 1 8
426 8 14
426 14 4
426 4 10
426 10 6
427 0 14
427 14 7
427 7 12
427 12 8
427 8 4
427 4 2
427 2 5
427 5 11
427 11 13
428 7 5
428 5 2
428 2 13
428 13 14
428 14 12
428 12 0
428 0 10
428 10 9
428 9 8
429 4 5
429 5 6
429 6 2
429 2 10
429 10 9
429 9 1
429 1 8
429 8 0
429 0 14
430 1 11
430 11 8
430 8 13
430 13 6
430 6 9
430 9 14
430 14 12
430 12 5
430 5 4
431 9 5
431 5 2
431 2 13
431 13 0
431 0 8
431 8 11
431 11 10
431 10 1
431 1 4
432 14 10
432 10 3
432 3 12
432 12 11
432 11 13
432 13 6
432 6 4
432 4 1
432 1 7
433 10 1
433 1 13
433 13 12
433 12 9
433 9 5
433 5 7
433 7 0
433 0 4
433 4 2
434 14 13
434 13 4
434 4 6
434 6 0
434 0 10
434 10 12
434 12 11
434 11 5
434 5 1
435 12 3
435 3 2
435 2 4
435 4 14
435 14 10
435 10 11
435 11 5
435 5 8
435 8 9
436 13 3
436 3 6
436 6 12
436 12 11
436 11 14
436 14 9
436 9 2
436 2 8
436 8 4
437 1 13
437 13 9
437 9 11
437 11 14
437 14 3
437 3 6
437 6 0
437 0 4
437 4 10
438 8 14
438 14 10
438 10 1
438 1 4
438 4 3
438 3 5
438 5 9
438 9 11
438 11 7
439 2 13
439 13 11
439 11 1
439 1 3
439 3 7
439 7 12
439 12 4
439 4 0
439 0 6
440 14 8
440 8 2
440 2 10
440 10 0
440 0 3
440 3 4
440 4 5
440 5 9
440 9 1
441 11 7
441 7 13
441 13 9
441 9 1
441 1 8
441 8 3
441 3 0
441 0 2
441 2 5
442 9 5
442 5 4
442 4 14
442 14 13
442 13 2
442 2 12
442 12 8
442 8 10
442 10 3
443 11 5
443 5 9
443 9 7
443 7 3
443 3 12
443 12 0
443 0 13
443 13 10
443 10 8
444 13 1
444 1 2
444 2 5
444 5 8
444 8 11
444 11 9
444 9 4
444 4 12
444 12 0
445 13 9
445 9 1
445 1 3
445 3 12
445 12 4
445 4 14
445 14 6
445 6 0
445 0 7
446 11 8
446 8 14
446 14 7
446 7 3
446 3 13
446 13 6
446 6 0
446 0 10
446 10 1
447 10 13
447 13 1
447 1 7
447 7 12
447 12 8
447 8 4
447 4 6
447 6 14
447 14 5
448 13 11
448 11 3
448 3 6
448 6 8
448 8 9
448 9 2
448 2 10
448 10 14
448 14 7
449 12 6
449 6 11
449 11 13
449 13 9
449 9 10
449 10 7
449 7 0
449 0 8
449 8 14
450 13 11
450 11 12
450 12 7
450 7 0
450 0 4
450 4 10
450 10 5
450 5 3
450 3 9
451 8 4
451 4 7
451 7 14
451 14 5
451 5 2
451 2 1
451 1 0
451 0 9
451 9 13
452 7 6
452 6 2
452 2 8
452 8 1
452 1 11
452 11 3
452 3 10
452 10 14
452 14 12
453 3 13
453 13 5
453 5 0
453 0 6
453 6 8
453 8 14
453 14 10
453 10 1
453 1 11
454 0 7
454 7 9
454 9 8
454 8 10
454 10 11
454 11 13
454 13 5
454 5 14
454 14 4
455 11 3
455 3 7
455 7 6
455 6 0
455 0 8
455 8 2
455 2 1
455 1 14
455 14 10
456 1 0
456 0 9
456 9 3
456 3 5
456 5 14
456 14 7
456 7 2
456 2 11
456 11 10
457 11 10
457 10 8
457 8 1
457 1 2
457 2 12
457 12 4
457 4 0
457 0 3
457 3 13
458 9 13
458 13 10
458 10 0
458 0 8
458 8 3
458 3 11
458 11 5
458 5 2
458 2 14
459 2 8
459 8 1
459 1 11
459 11 4
459 4 5
459 5 12
459 12 6
459 6 14
459 14 0
460 3 14
460 14 12
460 12 0
460 0 9
460 9 13
460 13 2
460 2 8
460 8 4
460 4 1
461 14 3
461 3 13
461 13 0
461 0 5
461 5 7
461 7 1
461 1 12
461 12 11
461 11 6
462 5 2
462 2 11
462 11 3
462 3 10
462 10 14
462 14 12
462 12 0
462 0 8
462 8 13
463 1 5
463 5 13
463 13 11
463 11 4
463 4 14
463 14 7
463 7 9
463 9 6
463 6 10
464 10 4
464 4 7
464 7 9
464 9 0
464 0 8
464 8 12
464 12 6
464 6 13
464 13 1
465 8 12
465 12 10
465 10 0
465 0 3
465 3 11
465 11 9
465 9 2
465 2 4
465 4 14
466 6 5
466 5 1
466 1 0
466 0 11
466 11 7
466 7 14
466 14 12
466 12 4
466 4 3
467 10 2
467 2 4
467 4 9
467 9 14
467 14 1
467 1 12
467 12 0
467 0 13
467 13 7
468 2 3
468 3 12
468 12 1
468 1 0
468 0 5
468 5 14
468 14 8
468 8 4
468 4 13
469 3 14
469 14 12
469 12 7
469 7 8
469 8 10
469 10 4
469 4 6
469 6 5
469 5 2
470 3 1
470 1 5
470 5 0
470 0 11
470 11 2
470 2 8
470 8 9
470 9 12
470 12 6
471 6 5
471 5 2
471 2 3
471 3 9
471 9 13
471 13 12
471 12 7
471 7 8
471 8 11
472 0 14
472 14 8
472 8 4
472 4 5
472 5 7
472 7 1
472 1 10
472 10 2
472 2 12
473 1 13
473 13 6
473 6 14
473 14 2
473 2 4
473 4 7
473 7 5
473 5 3
473 3 0
474 12 13
474 13 14
474 14 6
474 6 3
474 3 4
474 4 2
474 2 11
474 11 0
474 0 8
475 10 9
475 9 6
475 6 11
475 11 13
475 13 14
475 14 3
475 3 8
475 8 12
475 12 4
476 0 7
476 7 14
476 14 13
476 13 3
476 3 1
476 1 10
476 10 2
476 2 4
476 4 9
477 0 14
477 14 8
477 8 12
477 12 4
477 4 2
477 2 3
477 3 9
477 9 1
477 1 13
478 14 7
478 7 5
478 5 8
478 8 11
478 11 12
478 12 2
478 2 10
478 10 4
478 4 6
479 14 10
479 10 12
479 12 4
479 4 11
479 11 8
479 8 5
479 5 1
479 1 9
479 9 2
480 0 11
480 11 8
480 8 14
480 14 10
480 10 4
480 4 5
480 5 7
480 7 2
480 2 12
481 10 9
481 9 7
481 7 4
481 4 13
481 13 0
481 0 11
481 11 12
481 12 1
481 1 8
482 4 3
482 3 6
482 6 5
482 5 2
482 2 13
482 13 8
482 8 14
482 14 7
482 7 1
483 7 0
483 0 4
483 4 9
483 9 6
483 6 14
483 14 8
483 8 2
483 2 5
483 5 3
484 8 7
484 7 13
484 13 0
484 0 12
484 12 2
484 2 10
484 10 4
484 4 9
484 9 5
485 0 12
485 12 3
485 3 14
485 14 2
485 2 10
485 10 11
485 11 1
485 1 5
485 5 6
486 6 14
486 14 0
486 0 7
486 7 9
486 9 5
486 5 1
486 1 3
486 3 4
486 4 12
487 4 7
487 7 0
487 0 8
487 8 14
487 14 13
487 13 1
487 1 10
487 10 11
487 11 9
488 12 11
488 11 1
488 1 2
488 2 14
488 14 3
488 3 4
488 4 6
488 6 9
488 9 8
489 8 1
489 1 13
489 13 7
489 7 9
489 9 11
489 11 3
489 3 10
489 10 4
489 4 12
490 11 7
490 7 10
490 10 0
490 0 12
490 12 1
490 1 8
490 8 13
490 13 14
490 14 2
491 8 0
491 0 10
491 10 3
491 3 4
491 4 9
491 9 5
491 5 7
491 7 6
491 6 2
492 13 8
492 8 9
492 9 12
492 12 5
492 5 0
492 0 4
492 4 1
492 1 11
492 11 14
493 5 14
493 14 10
493 10 3
493 3 4
493 4 9
493 9 1
493 1 12
493 12 13
493 13 7
494 13 12
494 12 0
494 0 11
494 11 8
494 8 1
494 1 4
494 4 5
494 5 9
494 9 2
495 12 9
495 9 14
495 14 10
495 10 13
495 13 0
495 0 5
495 5 2
495 2 8
495 8 4
496 14 11
496 11 6
496 6 0
496 0 8
496 8 4
496 4 10
496 10 3
496 3 5
496 5 2
497 5 13
497 13 2
497 2 10
497 10 7
497 7 6
497 6 8
497 8 0
497 0 14
497 14 3
498 9 10
498 10 7
498 7 11
498 11 2
498 2 0
498 0 8
498 8 3
498 3 13
498 13 5
499 0 12
499 12 9
499 9 5
499 5 4
499 4 14
499 14 3
499 3 8
499 8 2
499 2 1
500 12 13
500 13 4
500 4 3
500 3 1
500 1 2
500 2 10
500 10 6
500 6 14
500 14 5
501 9 14
501 14 7
501 7 2
501 2 6
501 6 4
501 4 8
501 8 12
501 12 0
501 0 10
502 0 4
502 4 2
502 2 13
502 13 3
502 3 5
502 5 12
502 12 10
502 10 1
502 1 11
503 8 12
503 12 13
503 13 0
503 0 1
503 1 9
503 9 4
503 4 6
503 6 5
503 5 2
504 6 14
504 14 2
504 2 10
504 10 0
504 0 8
504 8 13
504 13 1
504 1 9
504 9 4
505 8 14
505 14 11
505 11 6
505 6 9
505 9 1
505 1 2
505 2 5
505 5 13
505 13 0
506 12 0
506 0 3
506 3 13
506 13 7
506 7 6
506 6 8
506 8 10
506 10 9
506 9 5
507 0 14
507 14 12
507 12 13
507 13 6
507 6 1
507 1 2
507 2 3
507 3 9
507 9 4
508 11 1
508 1 5
508 5 9
508 9 3
508 3 13
508 13 7
508 7 4
508 4 10
508 10 8
509 11 6
509 6 13
509 13 0
509 0 10
509 10 9
509 9 2
509 2 8
509 8 1
509 1 12
510 14 8
510 8 9
510 9 1
510 1 12
510 12 10
510 10 13
510 13 0
510 0 3
510 3 4
511 1 12
511 12 8
511 8 5
511 5 9
511 9 2
511 2 10
511 10 4
511 4 11
511 11 13
512 11 3
512 3 1
512 1 10
512 10 13
512 13 0
512 0 7
512 7 12
512 12 9
512 9 2
513 2 9
513 9 10
513 10 11
513 11 7
513 7 1
513 1 3
513 3 4
513 4 13
513 13 12
514 2 13
514 13 12
514 12 10
514 10 4
514 4 14
514 14 9
514 9 3
514 3 7
514 7 8
515 8 2
515 2 14
515 14 12
515 12 4
515 4 10
515 10 11
515 11 7
515 7 6
515 6 13
516 4 9
516 9 11
516 11 2
516 2 5
516 5 7
516 7 10
516 10 6
516 6 1
516 1 13
517 1 11
517 11 8
517 8 4
517 4 0
517 0 10
517 10 5
517 5 7
517 7 14
517 14 3
518 9 6
518 6 13
518 13 12
518 12 11
518 11 0
518 0 3
518 3 10
518 10 8
518 8 14
519 14 1
519 1 11
519 11 6
519 6 13
519 13 2
519 2 8
519 8 0
519 0 7
519 7 10
520 9 7
520 7 13
520 13 3
520 3 2
520 2 4
520 4 14
520 14 11
520 11 0
520 0 12
521 14 4
521 4 8
521 8 11
521 11 13
521 13 0
521 0 12
521 12 5
521 5 3
521 3 1
522 6 10
522 10 7
522 7 8
522 8 1
522 1 5
522 5 14
522 14 4
522 4 9
522 9 11
523 2 12
523 12 8
523 8 10
523 10 0
523 0 4
523 4 7
523 7 5
523 5 13
523 13 3
524 3 12
524 12 2
524 2 0
524 0 1
524 1 7
524 7 13
524 13 4
524 4 8
524 8 9
525 2 13
525 13 6
525 6 8
525 8 7
525 7 1
525 1 4
525 4 10
525 10 14
525 14 3
526 3 0
526 0 1
526 1 8
526 8 5
526 5 7
526 7 10
526 10 11
526 11 6
526 6 9
527 6 11
527 11 10
527 10 5
527 5 0
527 0 3
527 3 13
527 13 7
527 7 9
527 9 8
528 11 4
528 4 0
528 0 1
528 1 10
528 10 6
528 6 12
528 12 5
528 5 14
528 14 9
529 13 12
529 12 0
529 0 1
529 1 9
529 9 14
529 14 6
529 6 8
529 8 7
529 7 5
530 6 11
530 11 8
530 8 10
530 10 9
530 9 12
530 12 14
530 14 3
530 3 7
530 7 0
531 14 8
531 8 0
531 0 2
531 2 4
531 4 11
531 11 6
531 6 3
531 3 7
531 7 10
532 8 5
532 5 4
532 4 12
532 12 7
532 7 11
532 11 3
532 3 14
532 14 6
532 6 9
533 0 9
533 9 13
533 13 14
533 14 4
533 4 10
533 10 2
533 2 6
533 6 5
533 5 3
534 13 14
534 14 0
534 0 2
534 2 4
534 4 5
534 5 1
534 1 9
534 9 6
534 6 11
535 0 3
535 3 2
535 2 6
535 6 13
535 13 10
535 10 1
535 1 4
535 4 14
535 14 5
536 5 12
536 12 9
536 9 8
536 8 1
536 1 11
536 11 4
536 4 0
536 0 3
536 3 14
537 1 5
537 5 6
537 6 2
537 2 13
537 13 7
537 7 9
537 9 10
537 10 8
537 8 0
538 5 4
538 4 13
538 13 9
538 9 1
538 1 7
538 7 8
538 8 14
538 14 11
538 11 3
539 14 4
539 4 7
539 7 9
539 9 6
539 6 3
539 3 12
539 12 5
539 5 11
539 11 13
540 4 13
540 13 8
540 8 10
540 10 9
540 9 11
540 11 12
540 12 2
540 2 3
540 3 6
541 0 13
541 13 6
541 6 9
541 9 14
541 14 12
541 12 7
541 7 10
541 10 1
541 1 5
542 13 7
542 7 1
542 1 0
542 0 8
542 8 5
542 5 14
542 14 3
542 3 11
542 11 10
543 13 0
543 0 7
543 7 3
543 3 5
543 5 14
543 14 8
543 8 1
543 1 2
543 2 12
544 10 0
544 0 8
544 8 1
544 1 9
544 9 2
544 2 11
544 11 4
544 4 13
544 13 3
545 11 12
545 12 10
545 10 8
545 8 5
545 5 7
545 7 0
545 0 6
545 6 1
545 1 4
546 9 12
546 12 11
546 11 5
546 5 14
546 14 4
546 4 0
546 0 13
546 13 8
546 8 1
547 8 1
547 1 0
547 0 4
547 4 11
547 11 14
547 14 10
547 10 13
547 13 9
547 9 5
548 5 2
548 2 12
548 12 8
548 8 4
548 4 7
548 7 14
548 14 13
548 13 3
548 3 11
549 6 3
549 3 10
549 10 1
549 1 5
549 5 8
549 8 9
549 9 11
549 11 2
549 2 7
550 13 10
550 10 0
550 0 14
550 14 12
550 12 9
550 9 1
550 1 6
550 6 5
550 5 11
551 0 7
551 7 6
551 6 11
551 11 4
551 4 3
551 3 14
551 14 10
551 10 13
551 13 8
552 6 1
552 1 7
552 7 8
552 8 11
552 11 14
552 14 0
552 0 2
552 2 10
552 10 13
553 1 6
553 6 4
553 4 0
553 0 2
553 2 11
553 11 13
553 13 14
553 14 7
553 7 12
554 1 4
554 4 6
554 6 10
554 10 13
554 13 3
554 3 0
554 0 2
554 2 5
554 5 14
555 13 5
555 5 10
555 10 3
555 3 11
555 11 2
555 2 9
555 9 14
555 14 8
555 8 0
556 5 10
556 10 2
556 2 8
556 8 14
556 14 4
556 4 6
556 6 7
556 7 1
556 1 11
557 7 1
557 1 12
557 12 2
557 2 5
557 5 8
557 8 11
557 11 14
557 14 4
557 4 9
558 5 13
558 13 11
558 11 3
558 3 6
558 6 8
558 8 12
558 12 10
558 10 1
558 1 4
559 7 6
559 6 9
559 9 2
559 2 10
559 10 14
559 14 4
559 4 3
559 3 0
559 0 11
560 7 9
560 9 14
560 14 3
560 3 10
560 10 1
560 1 5
560 5 6
560 6 11
560 11 8
561 9 10
561 10 1
561 1 6
561 6 4
561 4 7
561 7 11
561 11 3
561 3 5
561 5 13
562 14 0
562 0 13
562 13 5
562 5 9
562 9 7
562 7 1
562 1 8
562 8 11
562 11 3
563 8 11
563 11 1
563 1 6
563 6 9
563 9 3
563 3 2
563 2 14
563 14 7
563 7 13
564 5 10
564 10 2
564 2 14
564 14 4
564 4 11
564 11 9
564 9 3
564 3 1
564 1 8
565 4 3
565 3 0
565 0 2
565 2 12
565 12 13
565 13 9
565 9 6
565 6 7
565 7 10
566 4 7
566 7 5
566 5 10
566 10 12
566 12 14
566 14 3
566 3 8
566 8 9
566 9 13
567 1 4
567 4 9
567 9 11
567 11 12
567 12 6
567 6 3
567 3 13
567 13 14
567 14 0
568 14 13
568 13 12
568 12 11
568 11 5
568 5 1
568 1 2
568 2 10
568 10 8
568 8 4
569 0 2
569 2 7
569 7 12
569 12 5
569 5 3
569 3 13
569 13 14
569 14 8
569 8 1
570 12 9
570 9 0
570 0 2
570 2 7
570 7 5
570 5 6
570 6 4
570 4 8
570 8 3
571 8 2
571 2 3
571 3 14
571 14 6
571 6 11
571 11 9
571 9 0
571 0 7
571 7 1
572 4 0
572 0 2
572 2 11
572 11 14
572 14 3
572 3 5
572 5 9
572 9 7
572 7 12
573 4 2
573 2 7
573 7 1
573 1 14
573 14 10
573 10 8
573 8 5
573 5 9
573 9 11
574 7 9
574 9 8
574 8 14
574 14 4
574 4 12
574 12 10
574 10 3
574 3 13
574 13 1
575 8 6
575 6 4
575 4 10
575 10 5
575 5 7
575 7 3
575 3 11
575 11 2
575 2 12
576 0 5
576 5 4
576 4 13
576 13 6
576 6 10
576 10 12
576 12 7
576 7 9
576 9 3
577 5 8
577 8 4
577 4 13
577 13 9
577 9 12
577 12 0
577 0 10
577 10 3
577 3 1
578 6 2
578 2 10
578 10 4
578 4 5
578 5 14
578 14 11
578 11 8
578 8 1
578 1 9
579 12 11
579 11 8
579 8 1
579 1 10
579 10 4
579 4 3
579 3 5
579 5 13
579 13 14
580 13 4
580 4 14
580 14 5
580 5 7
580 7 8
580 8 2
580 2 10
580 10 9
580 9 11
581 9 10
581 10 2
581 2 11
581 11 12
581 12 7
581 7 13
581 13 1
581 1 6
581 6 0
582 10 7
582 7 4
582 4 6
582 6 3
582 3 8
582 8 0
582 0 14
582 14 2
582 2 5
583 7 4
583 4 12
583 12 0
583 0 11
583 11 13
583 13 6
583 6 2
583 2 14
583 14 3
584 6 9
584 9 3
584 3 8
584 8 10
584 10 4
584 4 11
584 11 1
584 1 13
584 13 12
585 13 12
585 12 0
585 0 2
585 2 7
585 7 11
585 11 10
585 10 9
585 9 14
585 14 4
586 1 3
586 3 0
586 0 7
586 7 13
586 13 12
586 12 10
586 10 5
586 5 8
586 8 11
587 1 6
587 6 5
587 5 13
587 13 2
587 2 9
587 9 3
587 3 14
587 14 11
587 11 8
588 13 5
588 5 11
588 11 0
588 0 1
588 1 10
588 10 9
588 9 14
588 14 2
588 2 8
589 13 14
589 14 4
589 4 9
589 9 11
589 11 5
589 5 2
589 2 10
589 10 6
589 6 12
590 4 7
590 7 13
590 13 2
590 2 3
590 3 11
590 11 8
590 8 12
590 12 9
590 9 5
591 10 12
591 12 13
591 13 2
591 2 6
591 6 1
591 1 4
591 4 9
591 9 8
591 8 3
592 2 1
592 1 3
592 3 8
592 8 13
592 13 7
592 7 5
592 5 14
592 14 10
592 10 6
593 9 0
593 0 1
593 1 4
593 4 3
593 3 12
593 12 6
593 6 13
593 13 7
593 7 11
594 8 5
594 5 4
594 4 9
594 9 12
594 12 14
594 14 3
594 3 7
594 7 10
594 10 11
595 1 13
595 13 8
595 8 3
595 3 11
595 11 0
595 0 7
595 7 12
595 12 10
595 10 9
596 10 8
596 8 13
596 13 6
596 6 11
596 11 5
596 5 1
596 1 12
596 12 7
596 7 3
597 13 5
597 5 2
597 2 14
597 14 1
597 1 3
597 3 11
597 11 10
597 10 9
597 9 12
598 9 13
598 13 0
598 0 6
598 6 12
598 12 5
598 5 2
598 2 8
598 8 3
598 3 11
599 6 3
599 3 5
599 5 14
599 14 2
599 2 10
599 10 7
599 7 4
599 4 9
599 9 11
600 12 10
600 10 1
600 1 3
600 3 4
600 4 5
600 5 9
600 9 14
600 14 13
600 13 6
601 8 5
601 5 9
601 9 2
601 2 10
601 10 3
601 3 4
601 4 1
601 1 7
601 7 13
602 5 1
602 1 4
602 4 9
602 9 14
602 14 10
602 10 2
602 2 12
602 12 7
602 7 0
603 5 10
603 10 2
603 2 6
603 6 8
603 8 0
603 0 4
603 4 11
603 11 14
603 14 7
604 7 9
604 9 4
604 4 6
604 6 8
604 8 2
604 2 5
604 5 0
604 0 3
604 3 10
605 2 14
605 14 9
605 9 11
605 11 13
605 13 5
605 5 0
605 0 12
605 12 1
605 1 8
606 13 9
606 9 14
606 14 2
606 2 3
606 3 11
606 11 7
606 7 4
606 4 10
606 10 12
607 4 7
607 7 6
607 6 11
607 11 14
607 14 10
607 10 2
607 2 1
607 1 3
607 3 8
608 9 12
608 12 6
608 6 3
608 3 14
608 14 13
608 13 5
608 5 1
608 1 0
608 0 8
609 3 11
609 11 14
609 14 1
609 1 8
609 8 5
609 5 7
609 7 10
609 10 6
609 6 12
610 7 4
610 4 14
610 14 5
610 5 2
610 2 10
610 10 6
610 6 0
610 0 13
610 13 12
611 13 5
611 5 1
611 1 7
611 7 11
611 11 6
611 6 2
611 2 4
611 4 8
611 8 3
612 9 7
612 7 2
612 2 10
612 10 5
612 5 8
612 8 11
612 11 0
612 0 13
612 13 1
613 11 3
613 3 1
613 1 13
613 13 0
613 0 12
613 12 6
613 6 10
613 10 5
613 5 9
614 10 14
614 14 7
614 7 8
614 8 2
614 2 6
614 6 5
614 5 13
614 13 11
614 11 1
615 1 8
615 8 7
615 7 3
615 3 5
615 5 11
615 11 10
615 10 9
615 9 14
615 14 6
616 7 9
616 9 6
616 6 13
616 13 12
616 12 8
616 8 3
616 3 10
616 10 0
616 0 2
617 14 10
617 10 11
617 11 0
617 0 8
617 8 5
617 5 2
617 2 3
617 3 7
617 7 4
618 3 0
618 0 10
618 10 6
618 6 12
618 12 11
618 11 7
618 7 8
618 8 4
618 4 13
619 13 4
619 4 3
619 3 1
619 1 12
619 12 8
619 8 0
619 0 9
619 9 7
619 7 6
620 12 9
620 9 14
620 14 0
620 0 5
620 5 10
620 10 2
620 2 7
620 7 8
620 8 4
621 11 1
621 1 2
621 2 7
621 7 3
621 3 0
621 0 9
621 9 14
621 14 4
621 4 6
622 3 7
622 7 5
622 5 11
622 11 1
622 1 9
622 9 13
622 13 6
622 6 0
622 0 10
623 14 13
623 13 12
623 12 5
623 5 9
623 9 3
623 3 6
623 6 4
623 4 8
623 8 0
624 12 0
624 0 5
624 5 7
624 7 9
624 9 13
624 13 3
624 3 11
624 11 8
624 8 4
625 7 4
625 4 14
625 14 2
625 2 11
625 11 0
625 0 9
625 9 10
625 10 6
625 6 8
626 11 3
626 3 10
626 10 8
626 8 1
626 1 2
626 2 0
626 0 5
626 5 12
626 12 9
627 10 7
627 7 3
627 3 1
627 1 13
627 13 2
627 2 0
627 0 14
627 14 8
627 8 5
628 3 1
628 1 7
628 7 14
628 14 10
628 10 8
628 8 9
628 9 2
628 2 4
628 4 0
629 4 13
629 13 14
629 14 7
629 7 11
629 11 0
629 0 3
629 3 5
629 5 8
629 8 2
630 13 1
630 1 11
630 11 2
630 2 12
630 12 4
630 4 3
630 3 7
630 7 10
630 10 0
631 13 11
631 11 4
631 4 12
631 12 6
631 6 0
631 0 9
631 9 2
631 2 3
631 3 5
632 9 6
632 6 7
632 7 0
632 0 11
632 11 3
632 3 14
632 14 12
632 12 2
632 2 4
633 2 5
633 5 6
633 6 3
633 3 1
633 1 10
633 10 0
633 0 8
633 8 13
633 13 14
634 11 14
634 14 5
634 5 2
634 2 12
634 12 1
634 1 10
634 10 6
634 6 3
634 3 8
635 1 4
635 4 5
635 5 12
635 12 14
635 14 8
635 8 10
635 10 3
635 3 6
635 6 11
636 10 8
636 8 9
636 9 0
636 0 13
636 13 7
636 7 5
636 5 11
636 11 2
636 2 4
637 0 12
637 12 13
637 13 5
637 5 9
637 9 4
637 4 10
637 10 7
637 7 6
637 6 11
638 1 7
638 7 3
638 3 14
638 14 13
638 13 4
638 4 10
638 10 9
638 9 0
638 0 6
639 12 8
639 8 6
639 6 13
639 13 1
639 1 9
639 9 11
639 11 14
639 14 3
639 3 2
640 3 5
640 5 9
640 9 10
640 10 1
640 1 8
640 8 4
640 4 6
640 6 2
640 2 14
641 6 9
641 9 12
641 12 14
641 14 0
641 0 3
641 3 1
641 1 2
641 2 5
641 5 8
642 13 12
642 12 3
642 3 1
642 1 5
642 5 4
642 4 14
642 14 0
642 0 6
642 6 2
643 9 11
643 11 10
643 10 0
643 0 6
643 6 7
643 7 2
643 2 5
643 5 12
643 12 14
644 2 9
644 9 8
644 8 3
644 3 7
644 7 14
644 14 11
644 11 6
644 6 13
644 13 5
645 11 7
645 7 3
645 3 10
645 10 1
645 1 8
645 8 4
645 4 6
645 6 2
645 2 13
646 13 6
646 6 0
646 0 7
646 7 5
646 5 8
646 8 12
646 12 3
646 3 9
646 9 2
647 14 8
647 8 11
647 11 5
647 5 10
647 10 0
647 0 9
647 9 2
647 2 7
647 7 4
648 1 14
648 14 6
648 6 10
648 10 2
648 2 7
648 7 13
648 13 8
648 8 4
648 4 5
649 0 11
649 11 12
649 12 6
649 6 1
649 1 2
649 2 8
649 8 13
649 13 3
649 3 14
650 4 11
650 11 10
650 10 1
650 1 9
650 9 0
650 0 3
650 3 8
650 8 13
650 13 2
651 10 13
651 13 14
651 14 1
651 1 4
651 4 6
651 6 12
651 12 8
651 8 0
651 0 5
652 14 11
652 11 1
652 1 7
652 7 8
652 8 5
652 5 10
652 10 13
652 13 3
652 3 12
653 8 5
653 5 0
653 0 4
653 4 6
653 6 10
653 10 1
653 1 2
653 2 9
653 9 14
654 9 11
654 11 12
654 12 5
654 5 10
654 10 14
654 14 8
654 8 2
654 2 13
654 13 4
655 0 12
655 12 6
655 6 10
655 10 2
655 2 1
655 1 7
655 7 13
655 13 11
655 11 9
656 11 13
656 13 12
656 12 7
656 7 8
656 8 10
656 10 1
656 1 4
656 4 0
656 0 3
657 8 9
657 9 2
657 2 12
657 12 3
657 3 10
657 10 13
657 13 7
657 7 4
657 4 0
658 9 1
658 1 8
658 8 4
658 4 10
658 10 0
658 0 3
658 3 12
658 12 2
658 2 7
659 14 0
659 0 6
659 6 4
659 4 7
659 7 5
659 5 13
659 13 12
659 12 8
659 8 3
660 9 11
660 11 7
660 7 5
660 5 13
660 13 0
660 0 6
660 6 4
660 4 12
660 12 8
661 11 0
661 0 1
661 1 9
661 9 3
661 3 8
661 8 2
661 2 10
661 10 14
661 14 7
662 5 11
662 11 9
662 9 4
662 4 2
662 2 3
662 3 12
662 12 1
662 1 10
662 10 7
663 14 0
663 0 9
663 9 13
663 13 11
663 11 7
663 7 4
663 4 1
663 1 12
663 12 3
664 5 0
664 0 14
664 14 3
664 3 10
664 10 12
664 12 1
664 1 4
664 4 11
664 11 7
665 13 4
665 4 3
665 3 11
665 11 9
665 9 12
665 12 0
665 0 8
665 8 10
665 10 14
666 14 12
666 12 0
666 0 5
666 5 3
666 3 6
666 6 2
666 2 8
666 8 10
666 10 7
667 7 2
667 2 12
667 12 10
667 10 11
667 11 1
667 1 5
667 5 14
667 14 0
667 0 4
668 0 14
668 14 13
668 13 3
668 3 6
668 6 9
668 9 2
668 2 12
668 12 5
668 5 10
669 14 3
669 3 10
669 10 6
669 6 11
669 11 7
669 7 4
669 4 2
669 2 8
669 8 1
670 11 0
670 0 3
670 3 4
670 4 12
670 12 13
670 13 10
670 10 7
670 7 2
670 2 1
671 8 6
671 6 9
671 9 5
671 5 0
671 0 14
671 14 12
671 12 11
671 11 10
671 10 3
672 0 12
672 12 8
672 8 14
672 14 6
672 6 13
672 13 2
672 2 7
672 7 4
672 4 10
673 4 14
673 14 7
673 7 11
673 11 13
673 13 5
673 5 2
673 2 8
673 8 12
673 12 9
674 6 7
674 7 12
674 12 0
674 0 13
674 13 11
674 11 3
674 3 5
674 5 14
674 14 4
675 6 3
675 3 10
675 10 2
675 2 14
675 14 5
675 5 0
675 0 8
675 8 4
675 4 1
676 9 7
676 7 8
676 8 14
676 14 4
676 4 3
676 3 2
676 2 13
676 13 11
676 11 5
677 5 4
677 4 14
677 14 10
677 10 1
677 1 8
677 8 12
677 12 6
677 6 3
677 3 11
678 6 4
678 4 5
678 5 14
678 14 9
678 9 8
678 8 12
678 12 11
678 11 7
678 7 0
679 8 4
679 4 0
679 0 6
679 6 3
679 3 12
679 12 11
679 11 10
679 10 13
679 13 14
680 11 4
680 4 10
680 10 13
680 13 1
680 1 14
680 14 9
680 9 0
680 0 8
680 8 5
681 8 10
681 10 7
681 7 14
681 14 3
681 3 6
681 6 13
681 13 0
681 0 12
681 12 5
682 13 7
682 7 3
682 3 5
682 5 4
682 4 2
682 2 9
682 9 12
682 12 11
682 11 0
683 3 12
683 12 13
683 13 9
683 9 6
683 6 8
683 8 7
683 7 5
683 5 11
683 11 2
684 0 8
684 8 1
684 1 5
684 5 10
684 10 3
684 3 12
684 12 13
684 13 6
684 6 4
685 13 11
685 11 12
685 12 10
685 10 0
685 0 8
685 8 9
685 9 6
685 6 3
685 3 5
686 4 14
686 14 12
686 12 9
686 9 13
686 13 2
686 2 8
686 8 7
686 7 3
686 3 11
687 14 7
687 7 12
687 12 5
687 5 3
687 3 13
687 13 10
687 10 4
687 4 8
687 8 6
688 6 13
688 13 0
688 0 1
688 1 3
688 3 9
688 9 7
688 7 5
688 5 10
688 10 8
689 13 2
689 2 10
689 10 0
689 0 8
689 8 11
689 11 5
689 5 6
689 6 4
689 4 7
690 11 14
690 14 3
690 3 10
690 10 12
690 12 7
690 7 13
690 13 4
690 4 6
690 6 8
691 13 0
691 0 9
691 9 12
691 12 8
691 8 1
691 1 3
691 3 14
691 14 6
691 6 10
692 0 5
692 5 6
692 6 1
692 1 10
692 10 4
692 4 8
692 8 12
692 12 3
692 3 13
693 11 5
693 5 9
693 9 6
693 6 7
693 7 1
693 1 10
693 10 14
693 14 3
693 3 2
694 14 4
694 4 6
694 6 7
694 7 12
694 12 0
694 0 8
694 8 11
694 11 3
694 3 2
695 4 9
695 9 11
695 11 8
695 8 3
695 3 12
695 12 14
695 14 1
695 1 0
695 0 10
696 11 7
696 7 10
696 10 0
696 0 5
696 5 2
696 2 9
696 9 14
696 14 12
696 12 4
697 14 13
697 13 9
697 9 2
697 2 1
697 1 3
697 3 7
697 7 12
697 12 4
697 4 0
698 1 2
698 2 8
698 8 5
698 5 0
698 0 7
698 7 4
698 4 11
698 11 6
698 6 3
699 0 8
699 8 12
699 12 2
699 2 1
699 1 3
699 3 14
699 14 13
699 13 5
699 5 11
700 2 13
700 13 5
700 5 3
700 3 14
700 14 8
700 8 9
700 9 10
700 10 6
700 6 4
701 6 7
701 7 9
701 9 1
701 1 3
701 3 5
701 5 13
701 13 0
701 0 11
701 11 14
702 2 10
702 10 9
702 9 6
702 6 5
702 5 0
702 0 7
702 7 8
702 8 11
702 11 13
703 13 5
703 5 0
703 0 14
703 14 4
703 4 10
703 10 8
703 8 6
703 6 9
703 9 1
704 3 9
704 9 11
704 11 5
704 5 4
704 4 8
704 8 13
704 13 10
704 10 0
704 0 6
705 12 8
705 8 4
705 4 2
705 2 14
705 14 7
705 7 1
705 1 3
705 3 11
705 11 9
706 10 11
706 11 3
706 3 4
706 4 12
706 12 5
706 5 7
706 7 9
706 9 13
706 13 6
707 1 14
707 14 13
707 13 9
707 9 8
707 8 12
707 12 7
707 7 6
707 6 2
707 2 3
708 0 9
708 9 8
708 8 13
708 13 7
708 7 12
708 12 3
708 3 11
708 11 2
708 2 6
709 12 3
709 3 6
709 6 5
709 5 10
709 10 2
709 2 13
709 13 1
709 1 11
709 11 0
710 0 14
710 14 12
710 12 13
710 13 10
710 10 4
710 4 6
710 6 11
710 11 3
710 3 5
711 2 3
711 3 1
711 1 6
711 6 10
711 10 14
711 14 0
711 0 9
711 9 8
711 8 11
712 6 9
712 9 13
712 13 12
712 12 14
712 14 10
712 10 4
712 4 2
712 2 7
712 7 5
713 0 10
713 10 13
713 13 11
713 11 14
713 14 7
713 7 1
713 1 8
713 8 12
713 12 6
714 8 4
714 4 3
714 3 5
714 5 1
714 1 0
714 0 6
714 6 10
714 10 9
714 9 14
715 1 9
715 9 11
715 11 5
715 5 4
715 4 6
715 6 13
715 13 7
715 7 12
715 12 10
716 0 1
716 1 13
716 13 6
716 6 11
716 11 14
716 14 9
716 9 3
716 3 5
716 5 8
717 0 12
717 12 13
717 13 6
717 6 2
717 2 4
717 4 1
717 1 14
717 14 9
717 9 11
718 2 11
718 11 1
718 1 14
718 14 10
718 10 13
718 13 6
718 6 5
718 5 0
718 0 9
719 1 11
719 11 10
719 10 4
719 4 0
719 0 8
719 8 12
719 12 2
719 2 9
719 9 3
720 7 4
720 4 14
720 14 13
720 13 6
720 6 2
720 2 8
720 8 12
720 12 3
720 3 9
721 14 12
721 12 11
721 11 3
721 3 4
721 4 6
721 6 13
721 13 5
721 5 8
721 8 1
722 8 13
722 13 10
722 10 9
722 9 12
722 12 4
722 4 7
722 7 2
722 2 0
722 0 11
723 7 9
723 9 1
723 1 2
723 2 4
723 4 8
723 8 0
723 0 3
723 3 11
723 11 5
724 9 11
724 11 10
724 10 13
724 13 2
724 2 4
724 4 1
724 1 12
724 12 14
724 14 3
725 11 13
725 13 5
725 5 12
725 12 14
725 14 1
725 1 9
725 9 7
725 7 0
725 0 10
726 3 4
726 4 10
726 10 5
726 5 1
726 1 8
726 8 2
726 2 9
726 9 0
726 0 13
727 6 0
727 0 14
727 14 9
727 9 3
727 3 12
727 12 4
727 4 8
727 8 1
727 1 2
728 11 13
728 13 12
728 12 4
728 4 1
728 1 6
728 6 8
728 8 9
728 9 2
728 2 10
729 5 2
729 2 3
729 3 1
729 1 0
729 0 9
729 9 8
729 8 4
729 4 7
729 7 10
730 8 2
730 2 5
730 5 1
730 1 3
730 3 11
730 11 6
730 6 0
730 0 14
730 14 7
731 14 0
731 0 9
731 9 1
731 1 8
731 8 3
731 3 7
731 7 12
731 12 5
731 5 4
732 0 5
732 5 2
732 2 13
732 13 12
732 12 7
732 7 6
732 6 4
732 4 8
732 8 3
733 12 3
733 3 7
733 7 4
733 4 14
733 14 5
733 5 10
733 10 9
733 9 8
733 8 0
734 11 1
734 1 4
734 4 12
734 12 6
734 6 7
734 7 3
734 3 13
734 13 9
734 9 14
735 11 12
735 12 4
735 4 3
735 3 14
735 14 2
735 2 8
735 8 10
735 10 0
735 0 6
736 11 5
736 5 9
736 9 3
736 3 12
736 12 2
736 2 8
736 8 13
736 13 1
736 1 6
737 9 11
737 11 0
737 0 14
737 14 6
737 6 3
737 3 7
737 7 2
737 2 5
737 5 10
738 2 4
738 4 1
738 1 9
738 9 0
738 0 11
738 11 10
738 10 12
738 12 8
738 8 5
739 14 6
739 6 3
739 3 5
739 5 9
739 9 7
739 7 11
739 11 4
739 4 1
739 1 12
740 0 1
740 1 2
740 2 13
740 13 12
740 12 8
740 8 14
740 14 10
740 10 3
740 3 5
741 10 3
741 3 0
741 0 1
741 1 4
741 4 13
741 13 14
741 14 11
741 11 2
741 2 12
742 4 3
742 3 13
742 13 10
742 10 2
742 2 8
742 8 0
742 0 7
742 7 12
742 12 1
743 0 6
743 6 14
743 14 13
743 13 5
743 5 10
743 10 9
743 9 8
743 8 1
743 1 11
744 13 3
744 3 2
744 2 0
744 0 6
744 6 10
744 10 1
744 1 9
744 9 5
744 5 7
745 12 2
745 2 4
745 4 0
745 0 10
745 10 9
745 9 1
745 1 13
745 13 6
745 6 8
746 8 2
746 2 5
746 5 14
746 14 9
746 9 1
746 1 3
746 3 13
746 13 11
746 11 6
747 1 12
747 12 2
747 2 10
747 10 13
747 13 6
747 6 14
747 14 3
747 3 4
747 4 8
748 6 11
748 11 14
748 14 4
748 4 7
748 7 3
748 3 13
748 13 1
748 1 10
748 10 12
749 7 8
749 8 3
749 3 9
749 9 10
749 10 11
749 11 12
749 12 1
749 1 0
749 0 6
750 0 6
750 6 11
750 11 8
750 8 10
750 10 12
750 12 4
750 4 13
750 13 3
750 3 14
751 10 2
751 2 0
751 0 9
751 9 8
751 8 5
751 5 13
751 13 6
751 6 1
751 1 14
752 6 0
752 0 10
752 10 8
752 8 3
752 3 4
752 4 13
752 13 2
752 2 12
752 12 11
753 10 8
753 8 13
753 13 5
753 5 6
753 6 2
753 2 3
753 3 1
753 1 14
753 14 0
754 6 5
754 5 1
754 1 11
754 11 7
754 7 13
754 13 9
754 9 0
754 0 10
754 10 4
755 14 1
755 1 8
755 8 3
755 3 5
755 5 4
755 4 13
755 13 12
755 12 0
755 0 7
756 9 7
756 7 4
756 4 0
756 0 12
756 12 8
756 8 1
756 1 2
756 2 6
756 6 3
757 10 8
757 8 13
757 13 0
757 0 4
757 4 5
757 5 2
757 2 14
757 14 9
757 9 6
758 5 8
758 8 13
758 13 12
758 12 3
758 3 10
758 10 1
758 1 0
758 0 7
758 7 4
759 14 10
759 10 7
759 7 1
759 1 13
759 13 0
759 0 4
759 4 8
759 8 12
759 12 2
760 11 14
760 14 13
760 13 1
760 1 3
760 3 12
760 12 6
760 6 4
760 4 9
760 9 0
761 3 0
761 0 2
761 2 1
761 1 10
761 10 12
761 12 9
761 9 13
761 13 14
761 14 8
762 3 4
762 4 1
762 1 2
762 2 14
762 14 7
762 7 13
762 13 8
762 8 12
762 12 9
763 10 8
763 8 9
763 9 13
763 13 0
763 0 1
763 1 14
763 14 4
763 4 5
763 5 12
764 13 5
764 5 6
764 6 10
764 10 4
764 4 0
764 0 12
764 12 11
764 11 14
764 14 2
765 13 0
765 0 6
765 6 11
765 11 4
765 4 9
765 9 3
765 3 12
765 12 2
765 2 7
766 7 12
766 12 2
766 2 14
766 14 9
766 9 10
766 10 5
766 5 11
766 11 6
766 6 8
767 3 13
767 13 4
767 4 14
767 14 8
767 8 9
767 9 5
767 5 12
767 12 7
767 7 10
768 7 5
768 5 4
768 4 1
768 1 2
768 2 12
768 12 8
768 8 3
768 3 10
768 10 14
769 2 13
769 13 5
769 5 11
769 11 14
769 14 7
769 7 4
769 4 8
769 8 1
769 1 3
770 7 8
770 8 14
770 14 4
770 4 2
770 2 3
770 3 6
770 6 10
770 10 5
770 5 9
771 9 11
771 11 6
771 6 2
771 2 0
771 0 4
771 4 1
771 1 12
771 12 13
771 13 3
772 9 5
772 5 4
772 4 7
772 7 10
772 10 2
772 2 6
772 6 12
772 12 13
772 13 1
773 3 12
773 12 9
773 9 6
773 6 1
773 1 8
773 8 10
773 10 4
773 4 5
773 5 2
774 7 14
774 14 9
774 9 1
774 1 0
774 0 4
774 4 11
774 11 3
774 3 2
774 2 6
775 13 6
775 6 8
775 8 11
775 11 4
775 4 0
775 0 5
775 5 10
775 10 1
775 1 3
776 2 11
776 11 7
776 7 12
776 12 14
776 14 1
776 1 13
776 13 6
776 6 8
776 8 4
777 10 14
777 14 3
777 3 9
777 9 6
777 6 13
777 13 4
777 4 7
777 7 1
777 1 11
778 0 12
778 12 9
778 9 11
778 11 13
778 13 14
778 14 2
778 2 5
778 5 8
778 8 10
779 10 4
779 4 14
779 14 11
779 11 2
779 2 1
779 1 5
779 5 13
779 13 6
779 6 9
780 10 7
780 7 4
780 4 2
780 2 6
780 6 13
780 13 3
780 3 0
780 0 11
780 11 14
781 5 9
781 9 6
781 6 7
781 7 3
781 3 10
781 10 4
781 4 1
781 1 13
781 13 2
782 4 7
782 7 11
782 11 5
782 5 13
782 13 12
782 12 8
782 8 0
782 0 14
782 14 9
783 0 11
783 11 9
783 9 7
783 7 8
783 8 5
783 5 3
783 3 10
783 10 1
783 1 6
784 0 5
784 5 11
784 11 1
784 1 12
784 12 14
784 14 3
784 3 6
784 6 7
784 7 10
785 3 11
785 11 13
785 13 12
785 12 8
785 8 14
785 14 0
785 0 1
785 1 2
785 2 6
786 12 3
786 3 10
786 10 13
786 13 6
786 6 14
786 14 0
786 0 4
786 4 7
786 7 1
787 11 1
787 1 9
787 9 12
787 12 7
787 7 13
787 13 5
787 5 4
787 4 10
787 10 14
788 4 9
788 9 6
788 6 13
788 13 10
788 10 1
788 1 12
788 12 8
788 8 11
788 11 14
789 7 6
789 6 3
789 3 10
789 10 4
789 4 13
789 13 11
789 11 2
789 2 9
789 9 8
790 5 0
790 0 1
790 1 14
790 14 2
790 2 7
790 7 12
790 12 11
790 11 9
790 9 4
791 7 6
791 6 2
791 2 8
791 8 9
791 9 12
791 12 5
791 5 0
791 0 14
791 14 11
792 14 8
792 8 11
792 11 13
792 13 0
792 0 10
792 10 12
792 12 6
792 6 4
792 4 1
793 4 6
793 6 5
793 5 8
793 8 7
793 7 11
793 11 0
793 0 12
793 12 13
793 13 2
794 8 14
794 14 6
794 6 1
794 1 9
794 9 12
794 12 10
794 10 13
794 13 4
794 4 3
795 14 1
795 1 11
795 11 12
795 12 4
795 4 9
795 9 7
795 7 0
795 0 8
795 8 3
796 2 10
796 10 12
796 12 7
796 7 5
796 5 4
796 4 14
796 14 13
796 13 3
796 3 8
797 4 2
797 2 6
797 6 8
797 8 9
797 9 12
797 12 14
797 14 10
797 10 1
797 1 7
798 1 7
798 7 14
798 14 5
798 5 6
798 6 2
798 2 13
798 13 11
798 11 0
798 0 9
799 1 2
799 2 0
799 0 13
799 13 6
799 6 3
799 3 9
799 9 14
799 14 5
799 5 8
800 0 5
800 5 13
800 13 8
800 8 2
800 2 9
800 9 1
800 1 3
800 3 12
800 12 10
801 12 5
801 5 13
801 13 6
801 6 3
801 3 9
801 9 14
801 14 8
801 8 0
801 0 10
802 4 10
802 10 5
802 5 11
802 11 6
802 6 14
802 14 12
802 12 2
802 2 3
802 3 1
803 7 0
803 0 6
803 6 5
803 5 14
803 14 4
803 4 9
803 9 3
803 3 1
803 1 10
804 8 11
804 11 2
804 2 3
804 3 0
804 0 7
804 7 9
804 9 5
804 5 6
804 6 1
805 5 10
805 10 2
805 2 11
805 11 14
805 14 8
805 8 0
805 0 12
805 12 1
805 1 4
806 9 12
806 12 11
806 11 10
806 10 14
806 14 13
806 13 1
806 1 5
806 5 6
806 6 0
807 13 6
807 6 8
807 8 9
807 9 1
807 1 11
807 11 0
807 0 10
807 10 4
807 4 3
808 12 6
808 6 11
808 11 8
808 8 1
808 1 13
808 13 0
808 0 2
808 2 10
808 10 5
809 8 12
809 12 4
809 4 7
809 7 11
809 11 10
809 10 9
809 9 3
809 3 2
809 2 6
810 3 8
810 8 13
810 13 7
810 7 1
810 1 9
810 9 5
810 5 0
810 0 4
810 4 6
811 0 14
811 14 4
811 4 10
811 10 13
811 13 11
811 11 6
811 6 2
811 2 9
811 9 3
812 14 9
812 9 1
812 1 5
812 5 3
812 3 6
812 6 8
812 8 13
812 13 4
812 4 10
813 6 3
813 3 10
813 10 4
813 4 0
813 0 14
813 14 13
813 13 12
813 12 5
813 5 2
814 13 8
814 8 4
814 4 7
814 7 3
814 3 0
814 0 2
814 2 1
814 1 10
814 10 9
815 14 4
815 4 12
815 12 8
815 8 3
815 3 1
815 1 6
815 6 10
815 10 5
815 5 7
816 5 10
816 10 2
816 2 6
816 6 1
816 1 13
816 13 11
816 11 7
816 7 14
816 14 9
817 8 3
817 3 7
817 7 12
817 12 10
817 10 11
817 11 1
817 1 0
817 0 13
817 13 6
818 1 12
818 12 13
818 13 0
818 0 9
818 9 7
818 7 2
818 2 11
818 11 4
818 4 5
819 14 6
819 6 11
819 11 8
819 8 5
819 5 7
819 7 3
819 3 1
819 1 13
819 13 10
820 7 2
820 2 12
820 12 4
820 4 5
820 5 11
820 11 0
820 0 3
820 3 10
820 10 14
821 2 11
821 11 7
821 7 12
821 12 14
821 14 3
821 3 0
821 0 13
821 13 5
821 5 4
822 4 10
822 10 1
822 1 0
822 0 11
822 11 12
822 12 13
822 13 8
822 8 9
822 9 14
823 4 7
823 7 6
823 6 13
823 13 12
823 12 9
823 9 2
823 2 11
823 11 10
823 10 1
824 1 14
824 14 5
824 5 0
824 0 8
824 8 3
824 3 10
824 10 2
824 2 11
824 11 4
825 5 2
825 2 8
825 8 10
825 10 9
825 9 13
825 13 3
825 3 14
825 14 7
825 7 11
826 8 0
826 0 4
826 4 11
826 11 14
826 14 9
826 9 12
826 12 7
826 7 10
826 10 1
827 10 8
827 8 14
827 14 6
827 6 12
827 12 2
827 2 0
827 0 1
827 1 3
827 3 4
828 2 7
828 7 3
828 3 5
828 5 1
828 1 13
828 13 9
828 9 4
828 4 12
828 12 14
829 5 1
829 1 0
829 0 3
829 3 11
829 11 2
829 2 14
829 14 4
829 4 13
829 13 9
830 2 1
830 1 7
830 7 11
830 11 6
830 6 4
830 4 9
830 9 3
830 3 14
830 14 13
831 14 5
831 5 1
831 1 8
831 8 2
831 2 4
831 4 11
831 11 12
831 12 3
831 3 7
832 12 13
832 13 3
832 3 7
832 7 8
832 8 1
832 1 4
832 4 2
832 2 10
832 10 11
833 11 12
833 12 13
833 13 7
833 7 2
833 2 6
833 6 3
833 3 8
833 8 10
833 10 0
834 9 7
834 7 14
834 14 11
834 11 12
834 12 13
834 13 10
834 10 5
834 5 3
834 3 2
835 8 0
835 0 5
835 5 11
835 11 9
835 9 1
835 1 7
835 7 14
835 14 12
835 12 13
836 5 8
836 8 9
836 9 2
836 2 10
836 10 12
836 12 11
836 11 1
836 1 0
836 0 6
837 4 13
837 13 2
837 2 8
837 8 0
837 0 14
837 14 3
837 3 9
837 9 11
837 11 7
838 11 14
838 14 6
838 6 3
838 3 7
838 7 12
838 12 10
838 10 1
838 1 0
838 0 4
839 2 1
839 1 14
839 14 7
839 7 6
839 6 11
839 11 9
839 9 12
839 12 4
839 4 8
840 10 6
840 6 7
840 7 5
840 5 0
840 0 3
840 3 1
840 1 13
840 13 9
840 9 2
841 6 12
841 12 4
841 4 7
841 7 2
841 2 5
841 5 9
841 9 8
841 8 3
841 3 13
842 10 2
842 2 3
842 3 9
842 9 14
842 14 13
842 13 8
842 8 5
842 5 12
842 12 4
843 5 14
843 14 7
843 7 10
843 10 12
843 12 9
843 9 2
843 2 1
843 1 4
843 4 3
844 6 9
844 9 5
844 5 10
844 10 0
844 0 2
844 2 12
844 12 4
844 4 8
844 8 7
845 2 10
845 10 12
845 12 11
845 11 9
845 9 0
845 0 4
845 4 13
845 13 14
845 14 8
846 10 4
846 4 3
846 3 8
846 8 0
846 0 9
846 9 13
846 13 6
846 6 5
846 5 1
847 8 10
847 10 2
847 2 9
847 9 3
847 3 1
847 1 14
847 14 6
847 6 0
847 0 13
848 8 11
848 11 7
848 7 9
848 9 0
848 0 5
848 5 14
848 14 6
848 6 3
848 3 12
849 8 1
849 1 6
849 6 12
849 12 2
849 2 4
849 4 13
849 13 7
849 7 5
849 5 3
850 9 6
850 6 10
850 10 0
850 0 7
850 7 1
850 1 3
850 3 5
850 5 14
850 14 11
851 10 11
851 11 2
851 2 7
851 7 4
851 4 13
851 13 3
851 3 14
851 14 8
851 8 5
852 3 7
852 7 0
852 0 6
852 6 2
852 2 8
852 8 10
852 10 14
852 14 1
852 1 9
853 3 14
853 14 7
853 7 6
853 6 13
853 13 4
853 4 12
853 12 9
853 9 1
853 1 5
854 1 5
854 5 11
854 11 2
854 2 8
854 8 10
854 10 14
854 14 9
854 9 7
854 7 3
855 5 11
855 11 9
855 9 8
855 8 7
855 7 10
855 10 6
855 6 1
855 1 2
855 2 3
856 5 8
856 8 3
856 3 10
856 10 7
856 7 1
856 1 14
856 14 13
856 13 2
856 2 12
857 6 10
857 10 7
857 7 11
857 11 8
857 8 12
857 12 4
857 4 14
857 14 2
857 2 0
858 5 7
858 7 8
858 8 12
858 12 0
858 0 6
858 6 2
858 2 4
858 4 3
858 3 9
859 7 5
859 5 10
859 10 3
859 3 8
859 8 2
859 2 12
859 12 13
859 13 0
859 0 9
860 11 2
860 2 9
860 9 6
860 6 3
860 3 5
860 5 10
860 10 4
860 4 0
860 0 14
861 5 9
861 9 7
861 7 14
861 14 10
861 10 13
861 13 3
861 3 4
861 4 1
861 1 8
862 9 3
862 3 14
862 14 11
862 11 6
862 6 10
862 10 2
862 2 0
862 0 4
862 4 1
863 8 4
863 4 10
863 10 12
863 12 9
863 9 2
863 2 1
863 1 13
863 13 5
863 5 11
864 5 13
864 13 9
864 9 0
864 0 3
864 3 10
864 10 12
864 12 8
864 8 14
864 14 11
865 13 6
865 6 9
865 9 1
865 1 2
865 2 10
865 10 3
865 3 5
865 5 0
865 0 7
866 12 8
866 8 2
866 2 4
866 4 0
866 0 9
866 9 14
866 14 3
866 3 11
866 11 13
867 5 13
867 13 12
867 12 10
867 10 8
867 8 14
867 14 7
867 7 3
867 3 6
867 6 11
868 9 14
868 14 6
868 6 3
868 3 12
868 12 0
868 0 7
868 7 10
868 10 4
868 4 2
869 12 7
869 7 14
869 14 9
869 9 4
869 4 3
869 3 13
869 13 11
869 11 6
869 6 8
870 12 1
870 1 4
870 4 10
870 10 2
870 2 11
870 11 6
870 6 7
870 7 8
870 8 14
871 3 9
871 9 5
871 5 14
871 14 4
871 4 2
871 2 1
871 1 12
871 12 6
871 6 8
872 5 10
872 10 4
872 4 11
872 11 8
872 8 14
872 14 3
872 3 12
872 12 1
872 1 13
873 13 5
873 5 11
873 11 9
873 9 8
873 8 0
873 0 12
873 12 2
873 2 3
873 3 10
874 9 12
874 12 2
874 2 4
874 4 14
874 14 8
874 8 11
874 11 1
874 1 0
874 0 3
875 7 6
875 6 14
875 14 12
875 12 9
875 9 1
875 1 4
875 4 11
875 11 0
875 0 2
876 6 1
876 1 11
876 11 5
876 5 8
876 8 13
876 13 4
876 4 3
876 3 10
876 10 9
877 12 10
877 10 11
877 11 0
877 0 7
877 7 8
877 8 9
877 9 3
877 3 5
877 5 2
878 6 0
878 0 13
878 13 10
878 10 3
878 3 11
878 11 1
878 1 4
878 4 5
878 5 14
879 4 1
879 1 13
879 13 0
879 0 7
879 7 8
879 8 12
879 12 5
879 5 14
879 14 3
880 6 7
880 7 1
880 1 14
880 14 0
880 0 9
880 9 4
880 4 12
880 12 11
880 11 5
881 14 12
881 12 11
881 11 0
881 0 4
881 4 7
881 7 3
881 3 1
881 1 9
881 9 10
882 6 4
882 4 9
882 9 3
882 3 2
882 2 7
882 7 14
882 14 0
882 0 10
882 10 1
883 14 1
883 1 7
883 7 11
883 11 9
883 9 2
883 2 5
883 5 10
883 10 3
883 3 4
884 10 8
884 8 3
884 3 4
884 4 11
884 11 5
884 5 14
884 14 13
884 13 1
884 1 9
885 2 13
885 13 4
885 4 3
885 3 0
885 0 6
885 6 14
885 14 7
885 7 1
885 1 11
886 11 2
886 2 13
886 13 14
886 14 4
886 4 5
886 5 1
886 1 9
886 9 10
886 10 12
887 8 6
887 6 11
887 11 12
887 12 0
887 0 4
887 4 14
887 14 2
887 2 1
887 1 3
888 0 4
888 4 8
888 8 6
888 6 12
888 12 13
888 13 14
888 14 1
888 1 3
888 3 10
889 8 7
889 7 5
889 5 9
889 9 6
889 6 3
889 3 1
889 1 4
889 4 13
889 13 14
890 9 2
890 2 10
890 10 5
890 5 0
890 0 14
890 14 3
890 3 6
890 6 13
890 13 11
891 10 1
891 1 8
891 8 13
891 13 5
891 5 3
891 3 6
891 6 12
891 12 14
891 14 11
892 7 2
892 2 6
892 6 13
892 13 0
892 0 11
892 11 14
892 14 8
892 8 12
892 12 3
893 8 1
893 1 14
893 14 0
893 0 12
893 12 10
893 10 6
893 6 3
893 3 11
893 11 7
894 8 0
894 0 6
894 6 5
894 5 7
894 7 4
894 4 12
894 12 14
894 14 11
894 11 10
895 7 14
895 14 2
895 2 13
895 13 11
895 11 6
895 6 10
895 10 1
895 1 9
895 9 4
896 3 0
896 0 13
896 13 11
896 11 9
896 9 14
896 14 5
896 5 6
896 6 2
896 2 4
897 1 11
897 11 12
897 12 10
897 10 6
897 6 8
897 8 3
897 3 5
897 5 0
897 0 13
898 8 14
898 14 5
898 5 4
898 4 2
898 2 1
898 1 3
898 3 0
898 0 9
898 9 13
899 14 2
899 2 13
899 13 4
899 4 1
899 1 10
899 10 11
899 11 9
899 9 8
899 8 3
900 6 3
900 3 11
900 11 12
900 12 8
900 8 4
900 4 14
900 14 9
900 9 1
900 1 0
901 9 13
901 13 14
901 14 12
901 12 8
901 8 3
901 3 0
901 0 4
901 4 6
901 6 2
902 14 7
902 7 3
902 3 12
902 12 0
902 0 9
902 9 2
902 2 1
902 1 8
902 8 5
903 11 10
903 10 1
903 1 5
903 5 0
903 0 14
903 14 4
903 4 13
903 13 12
903 12 9
904 0 3
904 3 7
904 7 14
904 14 2
904 2 8
904 8 4
904 4 10
904 10 13
904 13 1
905 8 3
905 3 4
905 4 5
905 5 0
905 0 7
905 7 10
905 10 14
905 14 6
905 6 12
906 9 2
906 2 8
906 8 7
906 7 12
906 12 0
906 0 1
906 1 13
906 13 11
906 11 6
907 2 6
907 6 3
907 3 12
907 12 8
907 8 10
907 10 13
907 13 7
907 7 14
907 14 0
908 4 14
908 14 9
908 9 1
908 1 0
908 0 8
908 8 10
908 10 6
908 6 7
908 7 3
909 14 10
909 10 1
909 1 5
909 5 6
909 6 13
909 13 0
909 0 11
909 11 3
909 3 2
910 1 6
910 6 3
910 3 10
910 10 11
910 11 4
910 4 14
910 14 8
910 8 12
910 12 13
911 0 7
911 7 11
911 11 10
911 10 4
911 4 8
911 8 1
911 1 9
911 9 13
911 13 6
912 13 9
912 9 8
912 8 10
912 10 11
912 11 4
912 4 7
912 7 0
912 0 1
912 1 12
913 1 12
913 12 6
913 6 11
913 11 10
913 10 14
913 14 4
913 4 7
913 7 8
913 8 2
914 4 11
914 11 8
914 8 12
914 12 2
914 2 7
914 7 5
914 5 10
914 10 1
914 1 13
915 7 11
915 11 2
915 2 6
915 6 13
915 13 14
915 14 10
915 10 12
915 12 0
915 0 8
916 14 3
916 3 0
916 0 6
916 6 5
916 5 2
916 2 7
916 7 1
916 1 11
916 11 8
917 3 4
917 4 6
917 6 5
917 5 12
917 12 8
917 8 7
917 7 13
917 13 9
917 9 1
918 12 1
918 1 4
918 4 14
918 14 13
918 13 2
918 2 3
918 3 9
918 9 5
918 5 0
919 1 11
919 11 8
919 8 12
919 12 2
919 2 7
919 7 4
919 4 13
919 13 5
919 5 0
920 3 13
920 13 12
920 12 11
920 11 7
920 7 10
920 10 2
920 2 4
920 4 6
920 6 9
921 3 11
921 11 2
921 2 0
921 0 5
921 5 14
921 14 10
921 10 8
921 8 7
921 7 6
922 6 2
922 2 1
922 1 9
922 9 14
922 14 13
922 13 5
922 5 8
922 8 12
922 12 11
923 9 2
923 2 1
923 1 11
923 11 10
923 10 6
923 6 12
923 12 4
923 4 0
923 0 13
924 11 13
924 13 10
924 10 5
924 5 0
924 0 1
924 1 2
924 2 12
924 12 3
924 3 8
925 0 14
925 14 7
925 7 6
925 6 9
925 9 1
925 1 8
925 8 12
925 12 3
925 3 2
926 2 14
926 14 0
926 0 9
926 9 8
926 8 1
926 1 7
926 7 10
926 10 11
926 11 12
927 4 8
927 8 9
927 9 1
927 1 10
927 10 11
927 11 5
927 5 14
927 14 7
927 7 13
928 12 8
928 8 0
928 0 1
928 1 11
928 11 7
928 7 2
928 2 6
928 6 3
928 3 9
929 2 12
929 12 11
929 11 4
929 4 9
929 9 7
929 7 13
929 13 0
929 0 8
929 8 1
930 0 14
930 14 11
930 11 4
930 4 12
930 12 3
930 3 7
930 7 9
930 9 8
930 8 10
931 8 10
931 10 2
931 2 4
931 4 12
931 12 7
931 7 13
931 13 3
931 3 0
931 0 14
932 5 12
932 12 0
932 0 11
932 11 9
932 9 2
932 2 7
932 7 6
932 6 4
932 4 10
933 10 5
933 5 12
933 12 4
933 4 11
933 11 3
933 3 2
933 2 0
933 0 1
933 1 14
934 2 5
934 5 0
934 0 4
934 4 3
934 3 12
934 12 9
934 9 1
934 1 10
934 10 7
935 12 5
935 5 9
935 9 13
935 13 0
935 0 1
935 1 4
935 4 10
935 10 3
935 3 11
936 8 14
936 14 1
936 1 6
936 6 3
936 3 0
936 0 13
936 13 4
936 4 10
936 10 7
937 8 3
937 3 0
937 0 12
937 12 11
937 11 4
937 4 2
937 2 6
937 6 1
937 1 7
938 12 0
938 0 6
938 6 11
938 11 13
938 13 4
938 4 1
938 1 5
938 5 10
938 10 9
939 13 9
939 9 10
939 10 8
939 8 7
939 7 11
939 11 3
939 3 1
939 1 0
939 0 4
940 1 12
940 12 3
940 3 5
940 5 11
940 11 13
940 13 4
940 4 0
940 0 10
940 10 8
941 0 3
941 3 10
941 10 2
941 2 4
941 4 9
941 9 11
941 11 7
941 7 5
941 5 12
942 10 7
942 7 9
942 9 12
942 12 6
942 6 5
942 5 11
942 11 14
942 14 2
942 2 0
943 2 0
943 0 8
943 8 6
943 6 14
943 14 1
943 1 4
943 4 3
943 3 5
943 5 11
944 4 11
944 11 9
944 9 6
944 6 1
944 1 14
944 14 5
944 5 2
944 2 7
944 7 13
945 13 8
945 8 5
945 5 12
945 12 11
945 11 7
945 7 10
945 10 2
945 2 3
945 3 4
946 7 12
946 12 0
946 0 14
946 14 6
946 6 13
946 13 5
946 5 9
946 9 2
946 2 3
947 6 13
947 13 0
947 0 7
947 7 4
947 4 8
947 8 11
947 11 14
947 14 5
947 5 10
948 7 9
948 9 3
948 3 0
948 0 2
948 2 12
948 12 6
948 6 5
948 5 8
948 8 4
949 8 13
949 13 3
949 3 9
949 9 7
949 7 2
949 2 0
949 0 6
949 6 14
949 14 5
950 14 9
950 9 6
950 6 4
950 4 12
950 12 13
950 13 11
950 11 0
950 0 7
950 7 2
951 2 3
951 3 8
951 8 5
951 5 13
951 13 12
951 12 9
951 9 0
951 0 6
951 6 14
952 13 6
952 6 14
952 14 12
952 12 3
952 3 0
952 0 4
952 4 1
952 1 9
952 9 10
953 14 2
953 2 12
953 12 3
953 3 5
953 5 0
953 0 9
953 9 8
953 8 11
953 11 13
954 9 0
954 0 1
954 1 3
954 3 13
954 13 6
954 6 11
954 11 8
954 8 5
954 5 14
955 6 10
955 10 0
955 0 9
955 9 5
955 5 11
955 11 4
955 4 1
955 1 14
955 14 2
956 8 7
956 7 14
956 14 12
956 12 9
956 9 13
956 13 2
956 2 10
956 10 4
956 4 6
957 7 3
957 3 2
957 2 14
957 14 4
957 4 9
957 9 1
957 1 0
957 0 12
957 12 11
958 2 7
958 7 12
958 12 5
958 5 0
958 0 3
958 3 10
958 10 6
958 6 4
958 4 8
959 14 6
959 6 8
959 8 11
959 11 4
959 4 5
959 5 1
959 1 0
959 0 12
959 12 13
960 8 4
960 4 0
960 0 3
960 3 2
960 2 5
960 5 12
960 12 10
960 10 6
960 6 11
961 1 6
961 6 14
961 14 2
961 2 13
961 13 5
961 5 8
961 8 3
961 3 4
961 4 9
962 5 12
962 12 3
962 3 11
962 11 7
962 7 0
962 0 6
962 6 1
962 1 4
962 4 9
963 6 4
963 4 7
963 7 1
963 1 9
963 9 12
963 12 0
963 0 14
963 14 2
963 2 10
964 3 4
964 4 10
964 10 6
964 6 14
964 14 8
964 8 13
964 13 11
964 11 12
964 12 1
965 6 10
965 10 9
965 9 4
965 4 7
965 7 12
965 12 8
965 8 3
965 3 14
965 14 11
966 13 5
966 5 0
966 0 11
966 11 1
966 1 10
966 10 12
966 12 7
966 7 8
966 8 3
967 5 2
967 2 0
967 0 14
967 14 11
967 11 12
967 12 7
967 7 3
967 3 6
967 6 13
968 9 12
968 12 14
968 14 2
968 2 8
968 8 5
968 5 10
968 10 7
968 7 6
968 6 0
969 10 4
969 4 14
969 14 9
969 9 5
969 5 2
969 2 8
969 8 3
969 3 11
969 11 1
970 3 12
970 12 14
970 14 10
970 10 1
970 1 4
970 4 7
970 7 11
970 11 8
970 8 0
971 11 5
971 5 0
971 0 4
971 4 6
971 6 7
971 7 12
971 12 1
971 1 10
971 10 3
972 10 6
972 6 11
972 11 3
972 3 0
972 0 12
972 12 9
972 9 7
972 7 8
972 8 1
973 10 2
973 2 12
973 12 11
973 11 6
973 6 9
973 9 0
973 0 14
973 14 13
973 13 8
974 6 11
974 11 8
974 8 14
974 14 13
974 13 0
974 0 3
974 3 4
974 4 9
974 9 5
975 6 2
975 2 13
975 13 8
975 8 4
975 4 7
975 7 10
975 10 0
975 0 5
975 5 1
976 8 7
976 7 12
976 12 9
976 9 10
976 10 2
976 2 11
976 11 3
976 3 14
976 14 4
977 10 7
977 7 9
977 9 2
977 2 1
977 1 4
977 4 8
977 8 5
977 5 12
977 12 11
978 5 9
978 9 4
978 4 3
978 3 0
978 0 10
978 10 7
978 7 1
978 1 11
978 11 2
979 8 6
979 6 12
979 12 7
979 7 0
979 0 3
979 3 4
979 4 13
979 13 14
979 14 10
980 2 0
980 0 4
980 4 9
980 9 13
980 13 1
980 1 10
980 10 11
980 11 14
980 14 5
981 4 3
981 3 6
981 6 8
981 8 7
981 7 9
981 9 0
981 0 11
981 11 2
981 2 12
982 6 8
982 8 14
982 14 11
982 11 12
982 12 4
982 4 1
982 1 3
982 3 0
982 0 9
983 9 8
983 8 5
983 5 7
983 7 13
983 13 2
983 2 14
983 14 11
983 11 10
983 10 12
984 1 5
984 5 13
984 13 7
984 7 8
984 8 11
984 11 9
984 9 14
984 14 12
984 12 3
985 2 4
985 4 8
985 8 10
985 10 14
985 14 5
985 5 7
985 7 1
985 1 0
985 0 6
986 0 3
986 3 13
986 13 6
986 6 10
986 10 2
986 2 12
986 12 14
986 14 9
986 9 11
987 6 4
987 4 12
987 12 1
987 1 9
987 9 14
987 14 8
987 8 13
987 13 10
987 10 5
988 4 12
988 12 14
988 14 5
988 5 9
988 9 7
988 7 13
988 13 6
988 6 10
988 10 3
989 1 12
989 12 8
989 8 2
989 2 11
989 11 7
989 7 4
989 4 6
989 6 5
989 5 10
990 4 8
990 8 3
990 3 11
990 11 2
990 2 12
990 12 9
990 9 10
990 10 5
990 5 0
991 1 4
991 4 0
991 0 6
991 6 10
991 10 13
991 13 2
991 2 11
991 11 9
991 9 12
992 2 3
992 3 1
992 1 9
992 9 13
992 13 8
992 8 0
992 0 5
992 5 14
992 14 10
993 10 5
993 5 12
993 12 1
993 1 2
993 2 7
993 7 3
993 3 6
993 6 8
993 8 14
994 8 13
994 13 10
994 10 4
994 4 11
994 11 7
994 7 3
994 3 6
994 6 12
994 12 14
995 14 6
995 6 12
995 12 4
995 4 11
995 11 3
995 3 5
995 5 13
995 13 1
995 1 8
996 12 8
996 8 13
996 13 5
996 5 3
996 3 1
996 1 6
996 6 7
996 7 10
996 10 2
997 4 0
997 0 13
997 13 3
997 3 2
997 2 12
997 12 14
997 14 10
997 10 1
997 1 9
998 4 9
998 9 2
998 2 0
998 0 1
998 1 3
998 3 5
998 5 11
998 11 14
998 14 13
999 1 8
999 8 6
999 6 5
999 5 9
999 9 3
999 3 10
999 10 11
999 11 0
999 0 14
