0 29 25
0 29 7
0 7 27
0 7 72
0 72 17
0 72 42
0 17 3
0 3 58
0 3 94
0 94 53
0 53 6
0 53 59
0 6 65
0 6 9
0 9 74
0 74 61
0 61 77
0 77 93
0 77 97
0 93 36
0 93 24
0 24 57
0 24 40
0 57 33
0 33 87
0 33 19
0 19 96
0 96 98
0 96 68
0 68 15
0 15 39
0 15 60
0 60 64
0 64 48
0 64 88
0 88 85
0 85 49
0 85 44
1 38 3
1 38 34
1 3 5
1 5 96
1 96 60
1 96 30
1 60 97
1 97 17
1 97 33
1 17 92
1 17 40
1 40 31
1 40 18
1 31 14
1 14 12
1 14 81
1 12 46
1 46 95
1 46 90
1 95 71
1 95 91
1 71 98
1 71 93
1 98 48
1 98 15
1 48 74
1 48 21
1 21 27
1 27 11
1 27 36
1 11 66
1 11 26
1 66 76
1 76 29
1 76 32
1 29 59
1 29 68
1 59 8
2 11 75
2 11 88
2 75 66
2 75 51
2 51 99
2 51 45
2 45 60
2 45 31
2 31 25
2 31 84
2 84 65
2 65 4
2 65 93
2 4 95
2 4 22
2 22 54
2 54 63
2 63 26
2 26 82
2 82 50
2 50 61
2 50 18
2 18 52
2 52 91
2 91 76
2 91 35
2 35 70
2 70 56
2 70 1
2 1 10
2 1 23
2 10 41
2 41 49
2 41 37
2 49 48
2 48 87
2 48 92
2 87 14
3 11 37
3 37 6
3 37 9
3 6 5
3 6 53
3 5 36
3 5 8
3 36 69
3 69 32
3 69 46
3 46 55
3 46 41
3 41 65
3 41 26
3 65 47
3 65 19
3 19 39
3 19 35
3 39 28
3 28 50
3 28 62
3 62 81
3 62 60
3 81 92
3 92 51
3 51 87
3 51 74
3 87 34
3 87 13
3 34 23
3 23 56
3 23 68
3 56 78
3 78 77
3 78 17
3 17 75
3 17 99
3 99 66
4 66 41
4 66 89
4 41 0
4 0 79
4 0 28
4 79 98
4 79 36
4 98 94
4 98 60
4 94 74
4 94 43
4 74 80
4 74 54
4 80 65
4 65 71
4 71 40
4 71 67
4 40 76
4 76 7
4 76 47
4 7 91
4 91 14
4 91 3
4 3 62
4 3 35
4 62 22
4 62 81
4 81 78
4 81 8
4 8 27
4 27 64
4 27 19
4 19 77
4 77 50
4 50 72
4 72 48
4 72 29
4 29 86
5 93 1
5 93 5
5 1 52
5 1 88
5 88 12
5 88 29
5 12 94
5 12 61
5 61 91
5 61 14
5 91 67
5 91 21
5 21 73
5 21 37
5 73 96
5 96 28
5 96 3
5 3 70
5 70 59
5 59 4
5 4 38
5 4 87
5 38 18
5 18 82
5 18 8
5 82 99
5 99 84
5 99 15
5 15 23
5 23 86
5 23 66
5 86 51
5 51 43
5 43 83
5 83 92
5 83 85
5 85 22
5 85 2
6 97 11
6 97 13
6 13 54
6 13 75
6 54 8
6 54 38
6 38 34
6 34 60
6 60 62
6 60 90
6 90 31
6 90 9
6 9 23
6 23 12
6 23 51
6 51 4
6 4 94
6 94 10
6 94 86
6 10 57
6 10 20
6 20 59
6 20 5
6 59 67
6 67 73
6 73 76
6 73 91
6 91 88
6 91 81
6 88 92
6 92 21
6 92 56
6 21 69
6 69 55
6 69 80
6 80 0
6 80 48
6 0 74
7 67 69
7 67 55
7 69 86
7 69 37
7 86 20
7 20 92
7 92 48
7 48 77
7 77 81
7 81 33
7 81 0
7 33 80
7 33 95
7 95 71
7 95 76
7 71 97
7 71 36
7 97 10
7 10 83
7 83 90
7 90 19
7 19 89
7 89 23
7 23 99
7 99 44
7 44 49
7 49 87
7 49 65
7 87 40
7 40 35
7 40 63
7 35 22
7 22 79
7 22 7
7 79 5
7 79 50
7 50 34
7 34 57
8 28 95
8 95 85
8 95 35
8 85 9
8 9 15
8 15 62
8 15 7
8 62 90
8 90 16
8 16 26
8 16 22
8 22 73
8 73 32
8 32 70
8 70 66
8 66 79
8 66 71
8 79 25
8 79 59
8 59 52
8 59 84
8 52 18
8 52 64
8 64 40
8 40 44
8 40 31
8 31 76
8 31 36
8 76 74
8 74 37
8 37 33
8 37 54
8 54 60
8 54 17
8 60 14
8 60 51
8 51 19
8 19 6
9 46 45
9 45 36
9 45 53
9 36 42
9 36 49
9 49 14
9 49 90
9 14 68
9 68 4
9 4 20
9 20 15
9 20 51
9 51 73
9 73 37
9 37 58
9 37 91
9 91 60
9 91 12
9 60 92
9 60 47
9 47 76
9 76 63
9 63 79
9 79 83
9 83 25
9 83 66
9 25 78
9 78 80
9 80 41
9 41 24
9 41 38
9 38 74
9 74 28
9 28 39
9 39 93
9 93 10
9 10 0
9 0 71
