0 6 0
0 6 23
0 23 15
0 15 38
0 15 8
0 8 5
0 8 1
0 5 24
0 24 25
0 24 17
0 17 21
0 17 33
0 33 16
0 33 18
0 18 3
0 18 34
0 34 36
0 34 9
0 9 27
0 9 2
0 2 20
0 2 7
0 20 10
0 20 12
0 12 22
0 22 32
0 22 39
0 32 19
1 16 27
1 27 29
1 27 9
1 29 35
1 29 30
1 35 13
1 35 2
1 2 23
1 23 38
1 38 6
1 6 34
1 6 3
1 3 28
1 3 24
1 28 39
1 39 10
1 39 11
1 11 7
1 11 12
1 12 4
1 12 20
1 4 25
1 25 33
1 33 22
1 33 31
1 22 1
1 22 19
1 1 37
2 38 16
2 38 2
2 2 5
2 2 8
2 5 13
2 5 28
2 13 0
2 0 22
2 0 34
2 22 24
2 24 23
2 24 11
2 23 10
2 23 27
2 10 19
2 10 26
2 19 4
2 4 25
2 25 35
2 35 29
2 35 30
2 29 36
2 36 39
2 39 18
2 39 31
2 18 32
2 18 15
2 15 12
3 9 10
3 9 36
3 10 24
3 10 35
3 35 3
3 35 15
3 3 2
3 3 6
3 6 27
3 27 18
3 27 22
3 22 13
3 22 11
3 13 34
3 13 23
3 34 12
3 12 30
3 12 17
3 30 28
3 30 37
3 28 32
3 28 5
3 32 29
3 32 39
3 29 21
3 29 19
3 21 4
3 21 38
4 13 20
4 20 30
4 30 36
4 30 0
4 0 17
4 17 9
4 9 4
4 4 3
4 3 2
4 2 12
4 2 31
4 12 38
4 38 1
4 1 25
4 1 33
4 25 5
4 5 11
4 11 29
4 11 23
4 23 35
4 35 14
4 14 34
4 34 6
4 6 39
4 39 19
4 19 7
4 7 8
4 7 22
5 27 2
5 27 38
5 38 21
5 38 32
5 21 18
5 18 15
5 15 17
5 15 8
5 8 33
5 33 31
5 31 37
5 31 24
5 37 4
5 37 22
5 4 7
5 7 9
5 7 16
5 16 13
5 13 25
5 25 35
5 25 39
5 39 10
5 10 26
5 10 1
5 1 20
5 20 19
5 20 29
5 29 28
6 10 39
6 10 32
6 39 13
6 13 35
6 13 0
6 0 28
6 28 14
6 14 8
6 14 11
6 11 20
6 20 38
6 20 7
6 38 34
6 34 36
6 34 19
6 36 1
6 1 33
6 1 37
6 33 2
6 2 12
6 12 16
6 16 3
6 16 17
6 3 29
6 29 23
6 29 25
6 25 31
6 25 4
7 17 32
7 17 37
7 32 31
7 32 27
7 27 38
7 38 36
7 36 20
7 36 4
7 20 33
7 33 9
7 9 13
7 9 18
7 18 7
7 7 35
7 7 12
7 35 19
7 35 21
7 21 28
7 21 11
7 28 34
7 34 39
7 34 8
7 39 29
7 29 30
7 30 6
7 30 15
7 6 10
7 6 0
8 35 27
8 35 8
8 27 20
8 27 36
8 36 7
8 36 25
8 7 31
8 31 1
8 31 13
8 1 6
8 1 23
8 6 21
8 6 17
8 17 28
8 28 39
8 39 19
8 39 15
8 19 37
8 19 38
8 38 2
8 38 4
8 2 12
8 12 9
8 9 11
8 9 16
8 16 0
8 0 34
8 0 30
9 16 34
9 34 24
9 24 37
9 37 3
9 3 17
9 17 13
9 13 7
9 13 18
9 18 35
9 35 38
9 38 25
9 25 9
9 25 23
9 23 32
9 32 11
9 11 27
9 27 28
9 27 6
9 6 33
9 6 12
9 12 20
9 20 0
9 20 31
9 31 19
9 19 4
9 4 39
9 39 29
9 29 14
