0 36 4
0 4 112
0 112 9
0 9 87
0 87 0
0 87 125
0 0 45
0 45 99
0 99 56
0 99 110
0 56 119
0 56 65
0 65 18
0 18 113
0 113 1
0 1 42
0 42 91
0 91 38
0 38 29
0 29 111
0 111 102
0 102 41
0 102 55
0 41 74
0 41 3
0 74 2
0 2 57
0 57 114
0 114 129
0 129 25
0 25 133
0 25 58
0 133 37
0 133 84
0 84 69
0 69 80
0 80 104
0 80 116
0 104 122
0 122 39
0 122 81
0 81 97
0 97 101
0 97 93
0 93 67
0 93 24
0 24 141
0 141 144
0 141 17
0 144 76
0 144 48
0 76 8
0 76 145
0 8 44
0 44 51
0 44 54
0 54 16
0 54 21
0 16 27
0 27 49
0 49 60
0 60 33
0 33 146
0 146 61
0 61 98
0 98 107
0 107 92
0 92 35
0 92 132
0 35 117
0 117 88
0 88 85
0 85 11
0 11 77
0 77 130
0 130 71
0 71 78
0 71 128
0 78 23
0 23 86
0 23 43
0 86 143
0 86 59
0 59 89
0 89 103
0 89 138
0 138 134
0 134 22
0 134 53
0 53 136
0 53 40
0 136 96
0 136 142
0 96 140
0 140 106
0 106 63
0 63 28
0 63 34
1 43 13
1 43 143
1 143 79
1 79 23
1 79 15
1 23 116
1 116 40
1 116 7
1 40 76
1 40 100
1 76 61
1 61 68
1 68 149
1 149 8
1 149 114
1 8 134
1 8 128
1 128 34
1 34 80
1 80 17
1 80 101
1 17 102
1 17 93
1 93 137
1 93 92
1 92 148
1 92 106
1 106 60
1 106 140
1 60 77
1 60 36
1 36 108
1 108 2
1 2 48
1 48 41
1 48 4
1 4 131
1 4 86
1 131 32
1 131 38
1 38 27
1 38 113
1 113 45
1 113 145
1 145 0
1 0 49
1 0 16
1 16 39
1 39 142
1 39 1
1 1 24
1 24 74
1 24 44
1 44 97
1 44 69
1 69 29
1 29 98
1 98 14
1 98 117
1 117 18
1 18 58
1 58 33
1 58 73
1 73 70
1 70 10
1 70 136
1 10 35
1 35 130
1 35 22
1 22 26
1 22 65
1 65 21
1 21 31
1 21 124
1 31 82
1 31 125
1 82 72
1 72 138
1 72 71
1 138 20
1 138 111
1 111 67
1 67 28
1 28 120
1 28 95
1 95 94
1 94 146
1 146 119
1 146 85
1 85 96
1 85 66
1 66 104
1 66 105
1 105 144
1 144 129
1 144 75
1 75 6
1 75 88
2 55 7
2 55 134
2 7 42
2 42 138
2 138 92
2 92 116
2 92 66
2 116 141
2 141 17
2 141 73
2 73 91
2 91 109
2 109 132
2 132 0
2 132 29
2 29 84
2 29 36
2 36 60
2 36 1
2 1 51
2 1 68
2 68 88
2 88 95
2 88 122
2 95 54
2 54 130
2 54 72
2 130 74
2 74 90
2 74 65
2 90 70
2 70 16
2 16 50
2 50 48
2 48 143
2 143 81
2 81 24
2 81 57
2 24 83
2 24 135
2 83 14
2 83 33
2 14 34
2 14 2
2 34 129
2 34 147
2 129 32
2 129 5
2 5 35
2 35 47
2 47 87
2 87 106
2 106 142
2 142 8
2 142 13
2 8 28
2 28 136
2 28 94
2 94 144
2 94 6
2 6 101
2 101 146
2 146 69
2 146 107
2 107 118
2 107 110
2 110 30
2 30 148
2 148 105
2 105 10
2 10 120
2 10 59
2 120 25
2 120 21
2 25 97
2 25 3
2 3 121
2 121 127
2 127 43
2 127 133
2 133 52
2 133 145
2 52 96
2 96 22
2 96 77
2 77 38
2 77 78
2 78 119
2 119 45
2 45 104
2 45 115
2 104 27
2 104 63
2 63 53
2 53 23
2 53 61
2 61 79
2 61 75
3 92 129
3 129 97
3 97 100
3 100 103
3 103 142
3 142 21
3 21 30
3 30 43
3 30 25
3 43 96
3 43 135
3 96 42
3 42 76
3 42 120
3 76 52
3 76 0
3 0 48
3 48 131
3 48 146
3 146 39
3 39 50
3 50 73
3 73 83
3 73 122
3 83 36
3 83 38
3 36 87
3 36 82
3 82 88
3 82 17
3 17 58
3 17 2
3 58 13
3 58 107
3 107 16
3 16 18
3 16 15
3 15 11
3 11 89
3 89 7
3 89 138
3 7 111
3 7 93
3 111 63
3 63 128
3 63 40
3 40 12
3 12 145
3 145 60
3 145 70
3 60 37
3 37 109
3 109 29
3 29 6
3 6 136
3 136 28
3 28 56
3 56 45
3 56 110
3 45 10
3 10 3
3 3 126
3 3 1
3 126 69
3 69 79
3 79 68
3 79 20
3 68 44
3 44 23
3 44 133
3 133 9
3 133 47
3 47 105
3 47 148
3 105 86
3 86 144
3 86 119
3 119 59
3 59 139
3 139 64
3 139 61
3 64 137
3 64 95
3 95 80
3 80 74
3 74 141
3 74 98
3 141 26
3 141 22
3 26 4
3 4 118
3 118 51
3 118 94
3 51 149
3 51 49
3 149 57
3 57 113
3 113 101
4 13 61
4 13 147
4 147 119
4 147 33
4 33 18
4 33 20
4 18 128
4 18 109
4 109 51
4 109 79
4 51 40
4 51 35
4 35 37
4 35 60
4 60 66
4 66 93
4 66 120
4 93 115
4 115 31
4 31 123
4 123 141
4 123 6
4 141 16
4 141 112
4 112 36
4 36 143
4 143 59
4 59 62
4 62 127
4 62 95
4 127 122
4 122 114
4 114 81
4 81 75
4 75 77
4 77 65
4 77 26
4 65 149
4 65 39
4 149 140
4 149 5
4 140 19
4 140 34
4 19 7
4 19 10
4 7 0
4 0 27
4 27 30
4 30 32
4 30 105
4 105 139
4 139 80
4 80 25
4 80 136
4 136 144
4 136 116
4 144 46
4 144 100
4 46 71
4 46 117
4 71 133
4 133 103
4 103 47
4 47 50
4 47 1
4 1 14
4 14 99
4 14 78
4 78 38
4 78 102
4 102 68
4 102 29
4 68 56
4 68 98
4 56 9
4 9 74
4 74 67
4 67 121
4 67 91
4 121 21
4 121 129
4 129 64
4 129 69
4 64 23
4 64 63
4 63 97
4 97 15
4 15 43
4 15 73
4 43 54
4 54 125
4 125 101
4 125 130
4 101 92
4 92 4
4 92 132
4 132 146
4 146 70
5 14 56
5 14 89
5 56 120
5 120 51
5 120 86
5 51 117
5 51 41
5 41 42
5 41 115
5 115 6
5 115 53
5 53 88
5 53 83
5 88 140
5 140 15
5 15 105
5 105 68
5 68 52
5 52 101
5 101 102
5 101 58
5 58 55
5 55 47
5 47 73
5 47 128
5 73 92
5 73 94
5 92 96
5 96 97
5 96 4
5 97 30
5 97 71
5 71 23
5 23 95
5 95 2
5 95 130
5 2 33
5 2 38
5 38 108
5 108 146
5 108 141
5 146 91
5 91 143
5 143 34
5 143 122
5 122 60
5 60 37
5 60 61
5 61 139
5 139 36
5 139 147
5 36 134
5 134 8
5 8 136
5 8 1
5 1 48
5 1 22
5 22 109
5 109 16
5 109 132
5 16 57
5 57 24
5 57 72
5 24 103
5 103 110
5 103 149
5 110 59
5 59 106
5 106 79
5 106 85
5 79 80
5 80 148
5 148 133
5 148 82
5 133 121
5 133 126
5 121 21
5 21 7
5 7 131
5 7 78
5 78 99
5 78 12
5 12 69
5 12 119
5 69 10
5 10 70
5 70 125
5 125 32
5 125 77
5 32 20
5 20 98
5 98 107
5 107 13
5 13 124
5 124 9
5 9 19
5 19 0
5 0 145
6 47 12
6 12 105
6 105 104
6 104 18
6 104 95
6 18 57
6 57 8
6 57 68
6 68 58
6 58 78
6 78 124
6 78 20
6 20 30
6 20 70
6 70 115
6 115 61
6 115 28
6 28 17
6 28 103
6 17 127
6 127 9
6 9 93
6 9 15
6 15 66
6 66 144
6 66 10
6 10 92
6 92 72
6 72 31
6 72 35
6 31 134
6 134 6
6 134 4
6 6 90
6 90 135
6 135 11
6 11 145
6 145 0
6 0 45
6 0 111
6 45 54
6 54 141
6 54 140
6 140 29
6 140 53
6 53 107
6 53 88
6 88 16
6 16 36
6 36 55
6 55 33
6 55 146
6 33 148
6 33 63
6 63 34
6 34 97
6 34 73
6 97 116
6 116 23
6 116 64
6 64 136
6 136 106
6 106 62
6 106 69
6 69 48
6 48 83
6 48 94
6 94 87
6 87 109
6 109 139
6 139 91
6 91 84
6 91 82
6 84 129
6 84 14
6 129 59
6 129 27
6 59 76
6 59 117
6 76 137
6 137 40
6 40 132
6 132 42
6 42 75
6 75 32
6 32 71
6 71 108
6 71 49
6 49 110
6 110 67
6 67 131
6 131 13
6 13 5
6 5 50
6 50 102
6 102 65
6 102 19
6 65 26
7 10 80
7 80 74
7 74 77
7 77 78
7 77 106
7 106 87
7 106 94
7 87 32
7 87 115
7 115 40
7 40 23
7 23 113
7 113 31
7 113 129
7 129 128
7 128 24
7 24 37
7 37 139
7 37 2
7 139 104
7 104 114
7 104 133
7 133 111
7 133 126
7 126 95
7 95 16
7 95 60
7 60 3
7 3 64
7 64 46
7 46 105
7 105 36
7 105 109
7 36 123
7 123 93
7 123 9
7 9 11
7 11 62
7 62 52
7 52 12
7 12 136
7 136 51
7 136 18
7 51 79
7 79 112
7 112 143
7 143 101
7 143 69
7 69 68
7 68 135
7 135 110
7 110 107
7 110 5
7 5 13
7 5 22
7 22 117
7 22 28
7 117 17
7 117 103
7 103 6
7 6 34
7 6 132
7 34 108
7 108 59
7 108 35
7 35 119
7 119 134
7 119 122
7 134 97
7 134 142
7 142 67
7 67 84
7 84 137
7 137 57
7 137 44
7 44 72
7 44 70
7 70 141
7 70 91
7 91 73
7 91 45
7 73 0
7 0 38
7 38 41
7 38 53
7 41 48
7 48 131
7 48 33
7 33 29
7 33 26
7 29 56
7 56 25
7 25 15
7 25 82
7 15 89
7 89 4
7 89 7
7 7 19
8 51 122
8 122 0
8 122 138
8 0 61
8 61 29
8 61 113
8 113 148
8 148 125
8 148 83
8 83 49
8 83 141
8 49 27
8 49 19
8 19 16
8 16 140
8 140 70
8 140 135
8 135 18
8 135 74
8 74 6
8 6 63
8 63 33
8 33 52
8 33 91
8 52 21
8 21 78
8 21 26
8 26 23
8 23 28
8 28 65
8 28 17
8 17 79
8 79 41
8 79 97
8 41 38
8 41 123
8 38 117
8 117 109
8 117 12
8 12 77
8 12 40
8 77 2
8 2 100
8 2 134
8 134 15
8 134 111
8 111 98
8 98 71
8 71 48
8 48 108
8 48 68
8 68 87
8 68 73
8 73 106
8 73 22
8 106 136
8 106 143
8 136 110
8 110 92
8 110 32
8 32 88
8 32 142
8 142 4
8 142 146
8 146 62
8 62 147
8 62 37
8 147 107
8 107 57
8 57 129
8 57 30
8 129 31
8 129 59
8 31 24
8 31 130
8 24 94
8 94 14
8 14 69
8 14 45
8 69 116
8 116 20
8 20 139
8 20 56
8 56 124
8 56 115
8 115 67
8 67 35
8 67 128
8 35 13
8 35 144
8 144 105
8 144 84
8 105 43
8 43 104
8 104 86
8 104 76
8 76 7
8 7 80
9 136 25
9 136 149
9 149 107
9 149 71
9 71 33
9 71 34
9 33 63
9 33 20
9 63 69
9 63 5
9 69 126
9 69 131
9 131 135
9 131 7
9 135 127
9 135 92
9 127 11
9 127 94
9 94 74
9 94 78
9 74 0
9 74 58
9 58 86
9 58 110
9 110 104
9 104 102
9 102 100
9 102 120
9 100 139
9 139 93
9 139 68
9 93 124
9 93 98
9 124 21
9 21 1
9 21 41
9 1 129
9 129 137
9 129 31
9 31 91
9 31 56
9 56 85
9 85 62
9 62 16
9 16 118
9 118 134
9 118 87
9 87 23
9 23 67
9 23 3
9 3 37
9 37 8
9 37 99
9 99 123
9 123 24
9 24 14
9 24 28
9 14 84
9 14 42
9 84 39
9 84 49
9 39 6
9 6 132
9 132 95
9 132 27
9 95 79
9 95 88
9 79 108
9 79 125
9 125 96
9 125 26
9 26 13
9 13 43
9 43 111
9 111 60
9 111 72
9 60 146
9 60 90
9 146 59
9 59 70
9 59 75
9 75 2
9 75 80
9 2 122
9 2 73
9 122 119
9 122 144
9 144 112
9 144 148
9 112 32
9 112 22
9 32 81
9 32 46
9 81 130
9 81 76
9 130 115
9 130 17
9 115 142
10 101 15
10 15 8
10 8 22
10 22 57
10 22 63
10 63 124
10 63 86
10 86 62
10 86 48
10 62 10
10 62 99
10 99 126
10 126 103
10 126 12
10 103 18
10 18 66
10 18 102
10 102 78
10 78 114
10 78 58
10 114 1
10 1 128
10 1 59
10 128 95
10 128 121
10 95 122
10 95 132
10 132 31
10 31 104
10 104 146
10 146 81
10 146 2
10 81 130
10 130 94
10 94 93
10 93 32
10 32 147
10 32 35
10 35 68
10 35 7
10 68 70
10 70 129
10 70 54
10 129 125
10 125 143
10 125 89
10 143 34
10 143 148
10 148 11
10 148 137
10 11 106
10 11 115
10 115 75
10 75 50
10 75 55
10 50 0
10 50 74
10 74 144
10 74 24
10 24 38
10 24 123
10 38 113
10 38 17
10 17 42
10 17 85
10 85 28
10 28 96
10 96 109
10 109 131
10 109 40
10 40 136
10 40 108
10 136 92
10 136 119
10 119 138
10 119 84
10 138 37
10 138 72
10 72 52
10 72 36
10 52 118
10 118 30
10 30 83
10 30 97
10 97 44
10 44 21
10 21 60
10 21 33
10 33 51
10 51 87
10 87 27
10 27 13
10 13 149
10 13 16
10 149 39
10 39 29
10 29 9
10 9 127
11 147 1
11 147 37
11 37 34
11 34 72
11 34 77
11 77 119
11 119 148
11 148 3
11 148 108
11 3 19
11 19 29
11 19 124
11 29 131
11 29 74
11 74 78
11 74 52
11 52 6
11 52 35
11 35 46
11 35 142
11 142 57
11 57 66
11 66 13
11 66 28
11 28 85
11 28 63
11 85 104
11 85 136
11 104 121
11 121 17
11 121 73
11 73 129
11 129 130
11 130 89
11 130 137
11 89 71
11 89 39
11 71 133
11 71 114
11 114 101
11 114 36
11 101 84
11 101 79
11 79 132
11 132 134
11 134 43
11 134 93
11 93 32
11 32 122
11 122 60
11 60 22
11 22 96
11 22 106
11 106 99
11 106 7
11 7 109
11 109 64
11 64 112
11 112 141
11 141 53
11 53 21
11 53 140
11 140 92
11 140 16
11 16 80
11 16 59
11 80 24
11 80 58
11 24 75
11 75 55
11 55 143
11 55 69
11 143 68
11 68 118
11 118 149
11 118 54
11 54 56
11 54 144
11 144 139
11 144 128
11 128 20
11 128 67
11 67 111
11 111 38
11 111 105
11 105 116
11 116 95
11 116 65
11 95 62
11 95 15
11 62 146
11 62 97
11 146 50
11 146 5
11 50 51
11 50 98
11 98 125
11 125 83
12 35 149
12 149 28
12 28 118
12 118 104
12 104 56
12 104 72
12 72 60
12 60 141
12 141 2
12 2 100
12 2 76
12 100 140
12 140 105
12 140 143
12 143 122
12 122 16
12 122 136
12 136 38
12 38 137
12 38 30
12 137 67
12 67 116
12 67 10
12 10 95
12 10 55
12 55 129
12 55 84
12 84 135
12 135 99
12 135 62
12 62 92
12 62 41
12 92 134
12 134 120
12 134 25
12 25 121
12 121 93
12 93 21
12 21 83
12 21 18
12 18 87
12 18 110
12 110 64
12 110 11
12 64 103
12 64 77
12 77 4
12 77 22
12 4 15
12 15 81
12 15 39
12 81 94
12 81 82
12 94 59
12 94 53
12 59 115
12 59 112
12 112 54
12 112 79
12 54 147
12 54 128
12 147 139
12 139 26
12 26 58
12 26 49
12 58 44
12 58 63
12 44 106
12 106 96
12 106 71
12 71 37
12 37 17
12 17 88
12 17 113
12 113 29
12 29 124
12 29 68
12 68 65
12 65 123
12 123 14
12 123 85
12 85 51
12 85 32
12 51 42
12 42 31
12 42 13
12 13 80
12 80 57
12 80 47
12 57 48
12 57 126
12 126 108
12 126 43
12 108 74
12 108 130
12 74 19
12 74 6
12 19 109
13 106 136
13 106 109
13 109 42
13 42 98
13 42 1
13 98 62
13 98 24
13 24 111
13 111 93
13 111 16
13 16 40
13 16 41
13 40 13
13 13 99
13 13 0
13 99 73
13 73 71
13 71 47
13 47 49
13 47 92
13 49 148
13 148 78
13 148 120
13 120 108
13 120 70
13 108 46
13 46 32
13 46 52
13 32 128
13 32 63
13 63 103
13 63 79
13 103 54
13 54 5
13 5 84
13 84 58
13 84 72
13 72 125
13 125 95
13 95 124
13 124 44
13 44 87
13 87 75
13 87 60
13 75 76
13 76 110
13 110 68
13 68 29
13 29 7
13 7 66
13 66 57
13 66 145
13 57 113
13 113 64
13 113 144
13 64 19
13 19 20
13 20 35
13 20 133
13 35 9
13 35 83
13 9 131
13 9 119
13 119 81
13 119 143
13 143 94
13 143 130
13 94 118
13 118 101
13 101 116
13 101 50
13 116 26
13 116 30
13 30 89
13 30 69
13 69 25
13 69 6
13 6 137
13 137 129
13 137 114
13 114 141
13 114 21
13 141 15
13 141 138
13 138 53
13 138 140
13 140 10
13 140 3
13 3 56
13 3 51
13 51 31
13 51 4
13 4 105
13 105 37
13 37 14
13 37 135
13 135 59
13 59 88
14 89 51
14 89 37
14 37 129
14 37 125
14 129 142
14 142 127
14 127 78
14 127 26
14 78 76
14 76 5
14 76 80
14 5 75
14 75 31
14 31 45
14 31 33
14 45 52
14 45 105
14 52 83
14 52 97
14 97 101
14 101 67
14 67 110
14 110 30
14 30 60
14 60 50
14 50 86
14 50 29
14 29 35
14 29 103
14 103 137
14 103 108
14 137 117
14 137 10
14 10 131
14 131 88
14 88 18
14 88 100
14 100 63
14 63 71
14 63 24
14 71 34
14 71 96
14 96 87
14 96 20
14 87 15
14 87 11
14 11 73
14 73 140
14 140 74
14 74 147
14 147 8
14 147 68
14 68 43
14 43 145
14 145 39
14 145 72
14 72 106
14 106 7
14 106 143
14 143 21
14 143 9
14 21 85
14 21 6
14 85 118
14 118 133
14 118 56
14 133 12
14 12 59
14 59 0
14 59 19
14 0 47
14 47 149
14 47 138
14 138 44
14 44 58
14 58 132
14 58 53
14 132 146
14 132 69
14 69 135
14 69 93
14 135 122
14 135 17
14 122 91
14 91 92
14 92 77
14 92 48
14 77 114
14 77 36
14 36 126
14 36 38
14 126 3
14 126 139
14 139 98
14 98 62
14 62 13
14 62 144
14 144 104
15 23 69
15 69 99
15 69 43
15 43 86
15 86 22
15 86 121
15 22 66
15 66 80
15 66 135
15 80 40
15 40 26
15 26 120
15 26 129
15 129 144
15 129 25
15 25 42
15 42 142
15 42 71
15 71 94
15 71 109
15 94 97
15 97 95
15 97 55
15 95 18
15 95 72
15 72 75
15 72 3
15 75 44
15 44 46
15 44 13
15 13 119
15 13 87
15 87 133
15 133 102
15 133 124
15 102 89
15 102 122
15 122 92
15 92 105
15 92 140
15 140 65
15 65 9
15 65 51
15 51 14
15 14 0
15 0 4
15 0 62
15 4 11
15 11 33
15 33 90
15 90 113
15 90 7
15 113 130
15 130 143
15 130 136
15 143 67
15 143 57
15 57 123
15 123 38
15 38 104
15 38 116
15 116 127
15 116 149
15 149 100
15 149 78
15 100 110
15 100 41
15 41 115
15 41 49
15 49 101
15 101 138
15 138 139
15 139 83
15 83 93
15 93 131
15 93 30
15 131 145
15 131 10
15 10 85
15 85 29
15 29 108
15 29 59
15 108 35
15 108 132
15 35 79
15 79 63
15 79 117
15 63 88
15 88 24
15 88 148
15 24 70
15 70 34
15 34 47
15 34 112
15 112 53
15 53 36
15 36 27
15 27 1
16 59 82
16 59 26
16 82 15
16 15 71
16 71 32
16 71 85
16 85 6
16 85 0
16 0 121
16 121 131
16 131 114
16 131 45
16 114 123
16 114 145
16 145 94
16 145 14
16 14 27
16 14 108
16 108 34
16 34 51
16 34 117
16 117 112
16 117 104
16 112 66
16 66 119
16 66 23
16 119 21
16 21 141
16 21 99
16 141 122
16 122 75
16 122 137
16 137 116
16 137 52
16 116 138
16 138 142
16 138 136
16 136 61
16 61 2
16 61 103
16 2 132
16 2 84
16 132 133
16 133 102
16 133 57
16 102 146
16 102 47
16 146 73
16 146 129
16 129 55
16 55 16
16 16 80
16 80 128
16 128 144
16 128 63
16 144 97
16 144 36
16 36 147
16 147 65
16 65 87
16 65 58
16 87 83
16 87 135
16 135 62
16 62 42
16 42 29
16 29 74
16 29 106
16 106 91
16 106 7
16 91 53
16 91 77
16 53 89
16 89 50
16 50 120
16 120 68
16 68 96
16 68 118
16 118 4
16 4 143
16 4 30
16 143 10
16 10 12
16 12 41
16 41 93
16 41 37
16 37 35
16 37 8
16 8 125
16 125 17
16 17 101
16 17 60
16 101 54
16 101 40
16 54 39
16 39 38
16 38 24
16 24 140
17 67 45
17 67 71
17 45 70
17 45 28
17 28 48
17 48 8
17 48 120
17 8 18
17 18 122
17 18 30
17 122 134
17 122 129
17 129 111
17 111 145
17 145 143
17 143 34
17 34 60
17 60 131
17 60 141
17 131 31
17 31 81
17 31 59
17 81 19
17 81 12
17 12 53
17 12 22
17 53 58
17 58 126
17 58 97
17 97 2
17 97 127
17 127 130
17 127 135
17 135 128
17 128 92
17 92 149
17 149 90
17 149 72
17 72 61
17 61 7
17 7 24
17 7 66
17 66 110
17 66 16
17 16 35
17 35 33
17 35 123
17 33 85
17 85 78
17 85 76
17 76 104
17 76 49
17 104 83
17 83 99
17 83 42
17 42 43
17 43 113
17 113 40
17 113 93
17 93 29
17 93 140
17 29 4
17 4 109
17 4 138
17 138 54
17 138 39
17 54 20
17 54 116
17 116 21
17 116 74
17 74 148
17 148 118
17 148 101
17 101 136
17 101 13
17 13 139
17 13 84
17 139 100
17 100 144
17 100 86
17 144 57
17 57 62
17 62 32
17 32 82
17 82 88
17 82 73
17 88 23
17 23 65
17 23 80
17 80 114
17 114 68
17 68 117
17 68 11
17 117 112
17 112 96
17 112 0
17 0 38
17 38 98
18 115 69
18 69 85
18 69 117
18 117 137
18 117 13
18 13 28
18 13 77
18 28 59
18 28 91
18 59 12
18 59 5
18 12 35
18 35 67
18 67 144
18 67 20
18 20 0
18 20 130
18 130 75
18 130 132
18 75 62
18 62 55
18 55 116
18 116 95
18 95 64
18 95 16
18 16 42
18 42 92
18 42 129
18 129 142
18 129 39
18 142 127
18 142 149
18 127 54
18 127 48
18 48 120
18 48 83
18 120 43
18 43 93
18 43 44
18 44 81
18 81 23
18 81 119
18 119 74
18 74 14
18 74 10
18 10 111
18 10 124
18 111 11
18 11 88
18 11 4
18 88 49
18 88 1
18 1 34
18 1 36
18 34 147
18 147 79
18 79 110
18 79 46
18 46 133
18 133 87
18 87 72
18 87 19
18 19 143
18 19 65
18 65 18
18 65 141
18 141 104
18 141 58
18 104 17
18 17 51
18 51 109
18 51 118
18 118 136
18 118 71
18 71 80
18 80 68
18 68 131
18 68 138
18 138 7
18 7 107
18 7 100
18 100 25
18 100 41
18 41 73
18 73 22
18 22 15
18 22 108
18 108 47
18 108 102
18 47 37
18 37 112
18 37 9
18 112 56
18 56 96
18 56 29
18 96 121
18 96 26
18 26 38
19 13 131
19 13 2
19 131 0
19 0 97
19 97 102
19 97 91
19 102 86
19 86 70
19 70 116
19 116 65
19 65 68
19 65 149
19 68 123
19 123 147
19 147 28
19 28 135
19 28 71
19 71 44
19 44 78
19 44 18
19 78 114
19 114 88
19 88 142
19 88 139
19 142 79
19 142 45
19 79 39
19 79 56
19 56 80
19 56 109
19 109 103
19 103 19
19 103 90
19 19 115
19 19 130
19 130 17
19 130 132
19 17 8
19 17 20
19 8 98
19 98 52
19 98 146
19 146 82
19 82 96
19 82 43
19 96 106
19 106 141
19 106 58
19 141 93
19 93 15
19 93 63
19 63 49
19 49 81
19 49 75
19 75 120
19 75 54
19 54 107
19 107 3
19 3 129
19 3 59
19 129 48
19 129 124
19 48 143
19 48 117
19 143 72
19 72 37
19 37 38
19 37 50
19 38 9
19 38 1
19 9 121
19 121 51
19 121 35
19 51 136
19 136 148
19 136 113
19 148 100
19 148 134
19 100 108
19 100 104
19 104 105
19 105 125
19 125 67
19 125 10
19 10 69
19 69 11
19 11 47
19 47 14
19 14 21
19 14 94
19 21 89
19 89 140
19 89 12
19 140 74
19 74 33
19 74 41
19 33 31
19 31 27
20 114 47
20 114 128
20 47 53
20 47 108
20 53 28
20 28 95
20 95 127
20 127 35
20 35 90
20 35 6
20 6 88
20 88 5
20 88 83
20 83 110
20 110 106
20 106 23
20 23 40
20 40 11
20 40 84
20 11 81
20 11 89
20 89 16
20 16 146
20 16 109
20 109 87
20 109 79
20 87 148
20 87 138
20 138 39
20 138 122
20 122 58
20 122 49
20 49 41
20 41 137
20 137 70
20 70 67
20 70 46
20 46 115
20 115 111
20 115 72
20 72 76
20 76 8
20 76 142
20 142 86
20 142 44
20 44 80
20 44 37
20 37 50
20 50 73
20 50 123
20 73 93
20 93 118
20 118 2
20 2 99
20 2 26
20 99 103
20 103 22
20 22 31
20 22 129
20 31 139
20 139 141
20 139 130
20 141 132
20 141 63
20 63 143
20 143 59
20 59 140
20 140 9
20 9 105
20 9 91
20 91 21
20 21 42
20 42 15
20 15 113
20 113 126
20 113 34
20 34 78
20 78 61
20 61 30
20 61 85
20 85 65
20 85 117
20 65 82
20 82 48
20 48 133
20 48 51
20 51 131
20 51 10
20 10 120
20 10 56
20 56 25
20 56 75
20 75 45
20 45 60
20 45 94
20 94 27
20 94 125
20 27 66
21 49 37
21 37 4
21 4 29
21 29 66
21 29 57
21 66 116
21 66 102
21 102 21
21 21 13
21 13 111
21 13 79
21 111 65
21 65 103
21 103 101
21 103 69
21 101 118
21 101 12
21 12 142
21 12 82
21 142 71
21 142 113
21 113 76
21 113 63
21 63 67
21 67 134
21 67 95
21 134 99
21 134 46
21 99 100
21 100 84
21 84 26
21 84 135
21 135 96
21 96 60
21 96 133
21 60 104
21 104 140
21 104 86
21 86 97
21 97 105
21 105 124
21 124 106
21 124 68
21 106 33
21 33 131
21 33 23
21 131 147
21 131 9
21 147 92
21 147 90
21 90 34
21 34 146
21 146 137
21 146 70
21 137 130
21 130 15
21 130 1
21 15 120
21 15 75
21 120 87
21 120 89
21 89 41
21 89 61
21 61 30
21 30 117
21 117 18
21 117 28
21 18 141
21 18 98
21 98 127
21 98 11
21 127 16
21 16 10
21 10 19
21 19 107
21 107 138
21 107 53
21 138 74
21 138 128
21 128 77
21 128 112
21 112 38
21 112 121
21 121 59
21 59 56
21 59 47
21 56 44
21 44 43
21 44 110
21 43 80
21 43 114
21 80 6
21 6 27
21 27 20
21 27 119
21 20 3
21 3 149
21 149 7
22 87 59
22 59 75
22 59 130
22 75 69
22 75 34
22 34 129
22 34 51
22 129 53
22 129 115
22 53 105
22 53 92
22 105 0
22 105 72
22 72 10
22 72 67
22 10 14
22 14 48
22 48 65
22 65 30
22 65 25
22 25 28
22 28 100
22 28 132
22 132 79
22 79 68
22 68 9
22 68 121
22 121 99
22 121 140
22 99 145
22 99 73
22 145 111
22 145 97
22 111 123
22 111 7
22 7 98
22 7 103
22 103 109
22 109 134
22 134 12
22 134 126
22 126 35
22 35 74
22 35 13
22 74 91
22 91 133
22 91 8
22 8 136
22 8 127
22 127 139
22 127 52
22 139 137
22 139 31
22 137 122
22 122 108
22 108 89
22 89 56
22 89 142
22 56 90
22 56 50
22 90 21
22 90 149
22 149 96
22 96 144
22 144 63
22 144 40
22 40 32
22 32 78
22 78 141
22 78 106
22 141 81
22 81 26
22 26 15
22 26 114
22 15 38
22 38 49
22 38 29
22 29 124
22 29 24
22 124 86
22 86 27
22 86 125
22 27 94
22 27 42
22 42 101
22 101 80
22 80 43
22 80 104
22 104 70
22 104 4
22 4 44
22 4 148
22 44 54
22 54 17
22 54 3
22 17 82
22 17 62
22 62 45
23 130 107
23 130 93
23 107 85
23 107 48
23 85 54
23 54 68
23 68 82
23 68 144
23 144 67
23 144 56
23 67 59
23 59 7
23 59 15
23 7 60
23 60 33
23 33 86
23 86 51
23 86 20
23 20 75
23 75 102
23 75 5
23 102 104
23 104 9
23 9 100
23 100 146
23 100 136
23 146 28
23 28 125
23 125 50
23 50 81
23 81 73
23 81 88
23 73 98
23 98 114
23 114 126
23 126 137
23 137 77
23 77 135
23 77 145
23 135 71
23 71 70
23 70 36
23 36 123
23 36 91
23 91 124
23 91 147
23 124 1
23 124 64
23 1 52
23 1 23
23 52 109
23 52 129
23 129 0
23 129 65
23 0 99
23 0 87
23 99 106
23 99 12
23 12 72
23 12 44
23 72 103
23 103 46
23 103 11
23 46 148
23 46 18
23 148 45
23 45 134
23 134 17
23 17 112
23 17 105
23 112 21
23 21 25
23 25 29
23 29 119
23 119 58
23 58 61
23 61 111
23 61 78
23 78 27
23 27 34
23 27 53
23 34 32
23 34 24
23 32 120
23 120 96
23 120 128
23 128 35
23 35 74
23 35 127
23 74 138
23 74 133
23 138 110
23 138 14
23 110 38
23 38 31
23 31 117
23 117 89
23 89 30
24 94 44
24 94 70
24 44 1
24 44 83
24 83 73
24 73 128
24 73 39
24 128 62
24 128 103
24 62 127
24 127 8
24 8 66
24 66 78
24 66 108
24 108 0
24 0 149
24 149 58
24 58 42
24 58 77
24 77 129
24 129 106
24 129 31
24 31 65
24 31 7
24 7 135
24 135 95
24 95 71
24 71 84
24 71 141
24 141 136
24 141 107
24 107 30
24 30 18
24 30 120
24 120 76
24 120 52
24 52 115
24 52 67
24 115 10
24 115 41
24 41 99
24 99 90
24 99 98
24 90 61
24 61 26
24 26 145
24 145 85
24 145 28
24 28 124
24 124 34
24 34 88
24 88 81
24 88 121
24 121 132
24 132 119
24 119 80
24 80 93
24 80 5
24 5 25
24 25 102
24 25 43
24 43 87
24 87 97
24 87 118
24 97 56
24 97 9
24 9 109
24 109 59
24 59 123
24 123 148
24 123 27
24 148 33
24 33 91
24 33 11
24 91 13
24 13 55
24 13 86
24 55 138
24 55 4
24 4 72
24 72 140
24 140 96
24 96 63
24 96 36
24 63 105
24 63 40
24 40 64
24 40 110
24 64 19
24 19 54
24 19 131
24 54 49
24 49 137
24 137 114
24 137 69
24 114 47
24 47 133
24 133 74
25 4 113
25 4 7
25 113 143
25 143 107
25 143 79
25 79 16
25 79 60
25 60 29
25 29 33
25 29 32
25 32 77
25 77 48
25 48 105
25 105 121
25 121 69
25 69 30
25 69 19
25 19 142
25 19 23
25 142 83
25 83 87
25 87 112
25 87 50
25 112 144
25 112 149
25 149 110
25 149 40
25 40 131
25 131 124
25 131 21
25 124 41
25 41 96
25 96 47
25 47 52
25 52 70
25 70 8
25 8 76
25 76 108
25 108 62
25 108 99
25 62 109
25 109 116
25 116 120
25 116 136
25 136 2
25 136 101
25 2 1
25 2 66
25 1 106
25 106 133
25 106 71
25 71 114
25 71 31
25 31 27
25 27 17
25 17 45
25 45 103
25 103 139
25 139 9
25 9 138
25 138 67
25 138 119
25 119 34
25 34 118
25 34 125
25 125 85
25 125 122
25 122 111
25 122 38
25 38 95
25 95 0
25 0 24
25 24 37
25 37 123
25 37 73
25 123 141
25 141 61
25 61 102
25 102 92
25 92 65
25 92 147
25 147 100
25 147 44
25 100 64
25 64 97
25 97 28
25 97 13
25 28 56
25 28 82
25 82 91
25 91 132
25 91 80
25 132 98
25 98 146
25 146 126
25 126 68
25 126 127
25 68 18
26 133 132
26 133 123
26 132 105
26 132 104
26 104 45
26 104 80
26 80 75
26 80 68
26 68 78
26 68 54
26 78 121
26 121 112
26 112 129
26 129 42
26 129 140
26 140 37
26 37 0
26 37 144
26 0 116
26 0 21
26 21 70
26 21 101
26 101 88
26 101 69
26 88 85
26 88 143
26 143 125
26 143 67
26 67 119
26 119 98
26 119 126
26 126 53
26 126 66
26 53 139
26 139 19
26 19 14
26 19 100
26 100 2
26 100 149
26 149 49
26 149 142
26 49 5
26 49 24
26 5 110
26 5 3
26 110 146
26 110 107
26 146 92
26 146 131
26 131 8
26 8 87
26 87 83
26 87 113
26 113 32
26 113 124
26 32 46
26 32 86
26 86 90
26 86 6
26 90 93
26 90 106
26 106 72
26 106 40
26 72 41
26 72 56
26 56 77
26 56 111
26 111 15
26 15 35
26 35 114
26 114 50
26 50 103
26 50 84
26 103 18
26 103 12
26 18 52
26 18 55
26 52 94
26 94 108
26 94 1
26 1 145
26 145 99
26 99 130
26 99 31
26 130 34
26 34 136
26 136 57
26 57 29
26 57 4
26 29 127
26 127 102
26 127 73
26 73 128
26 73 22
26 22 26
26 22 11
26 26 79
26 26 81
27 146 142
27 146 115
27 115 65
27 115 114
27 65 124
27 65 63
27 124 126
27 124 9
27 126 56
27 56 34
27 34 74
27 34 101
27 101 94
27 101 54
27 94 109
27 94 119
27 109 96
27 96 141
27 141 0
27 141 89
27 0 3
27 3 72
27 3 11
27 72 6
27 6 66
27 6 17
27 66 26
27 26 83
27 26 93
27 93 16
27 93 55
27 16 2
27 2 22
27 2 121
27 22 84
27 84 143
27 143 117
27 143 71
27 117 19
27 19 129
27 19 1
27 1 32
27 32 62
27 62 50
27 62 125
27 50 90
27 90 149
27 90 20
27 149 130
27 130 97
27 130 37
27 37 61
27 61 49
27 61 77
27 49 36
27 49 104
27 104 7
27 7 24
27 7 57
27 57 81
27 57 100
27 81 33
27 33 80
27 33 122
27 80 134
27 80 139
27 134 92
27 134 10
27 10 58
27 58 132
27 132 116
27 116 112
27 112 15
27 15 42
27 42 131
27 131 73
27 73 120
27 120 75
27 75 103
27 75 102
27 102 27
27 27 31
27 31 91
27 91 46
27 91 64
27 64 144
27 64 98
27 98 105
27 105 145
27 105 85
27 145 47
27 47 82
27 82 107
27 107 48
27 48 53
27 53 108
27 108 21
27 21 18
28 123 86
28 123 31
28 31 93
28 93 70
28 70 63
28 70 59
28 63 32
28 63 47
28 47 78
28 78 20
28 20 79
28 20 56
28 56 110
28 56 100
28 100 105
28 105 75
28 105 67
28 67 36
28 36 118
28 36 42
28 42 22
28 42 113
28 22 130
28 22 135
28 130 62
28 62 58
28 62 122
28 58 1
28 58 147
28 147 134
28 134 115
28 134 14
28 115 2
28 2 139
28 2 101
28 101 5
28 101 61
28 61 71
28 61 6
28 71 87
28 71 127
28 127 85
28 85 77
28 85 18
28 77 45
28 77 74
28 45 51
28 45 64
28 64 117
28 64 7
28 7 137
28 7 34
28 137 125
28 137 146
28 146 111
28 111 60
28 111 27
28 60 65
28 60 26
28 26 73
28 73 38
28 38 138
28 38 107
28 107 148
28 148 15
28 15 24
28 24 84
28 84 91
28 84 25
28 91 48
28 91 136
28 48 131
28 131 44
28 131 124
28 44 54
28 44 37
28 54 96
28 96 30
28 30 82
28 82 13
28 82 106
28 13 129
28 13 108
28 108 8
28 108 21
28 21 53
28 21 112
28 53 140
28 53 35
28 140 4
28 140 76
28 4 109
28 4 114
28 114 55
28 114 0
28 0 68
28 0 133
28 68 83
29 69 34
29 69 147
29 34 48
29 34 130
29 48 142
29 142 145
29 142 98
29 98 21
29 21 37
29 21 115
29 115 117
29 117 96
29 117 40
29 96 86
29 86 74
29 86 99
29 74 75
29 74 7
29 75 107
29 75 125
29 125 106
29 125 67
29 67 70
29 70 2
29 2 27
29 27 32
29 27 121
29 121 82
29 82 88
29 82 81
29 88 25
29 25 95
29 25 53
29 95 57
29 57 59
29 59 65
29 65 100
29 100 133
29 133 29
29 29 102
29 29 104
29 104 52
29 52 109
29 109 140
29 109 132
29 140 148
29 140 45
29 45 97
29 45 36
29 36 136
29 36 149
29 136 1
29 1 22
29 1 0
29 0 138
29 0 55
29 138 89
29 138 64
29 64 50
29 50 120
29 50 72
29 72 12
29 72 8
29 12 124
29 124 101
29 101 144
29 144 85
29 85 49
29 49 31
29 31 141
29 141 73
29 141 134
29 134 23
29 23 71
29 23 3
29 71 127
29 71 92
29 127 143
29 127 42
29 42 13
29 42 128
29 128 62
29 128 108
29 108 135
29 108 103
29 103 63
29 63 26
29 63 4
29 4 17
29 4 44
29 44 38
29 44 116
29 116 41
29 41 46
29 46 66
29 46 43
29 43 68
29 68 87
30 117 40
30 117 64
30 64 101
30 101 115
30 101 37
30 37 3
30 37 25
30 25 138
30 138 75
30 138 71
30 71 108
30 71 47
30 47 146
30 146 148
30 148 19
30 19 143
30 143 27
30 143 130
30 27 133
30 27 110
30 110 82
30 110 132
30 82 1
30 82 121
30 121 131
30 121 81
30 131 85
30 85 21
30 85 73
30 21 63
30 63 35
30 63 23
30 23 106
30 106 112
30 112 58
30 112 6
30 6 145
30 145 111
30 111 5
30 5 92
30 5 87
30 92 80
30 92 55
30 55 62
30 62 91
30 91 44
30 44 125
30 44 96
30 96 113
30 113 74
30 113 34
30 34 70
30 34 50
30 50 97
30 97 66
30 97 7
30 7 93
30 7 8
30 93 140
30 140 119
30 140 41
30 41 103
30 41 2
30 2 28
30 28 15
30 15 12
30 15 128
30 128 33
30 128 129
30 129 144
30 144 68
30 144 9
30 68 104
30 68 149
30 104 56
30 56 124
30 124 141
30 141 16
30 141 67
30 67 4
30 4 53
30 4 78
30 53 109
30 53 127
30 127 126
30 127 54
30 54 45
30 54 123
30 123 18
30 18 51
30 18 114
30 114 49
30 114 118
30 118 134
30 118 95
30 95 69
30 69 20
30 69 14
31 114 54
31 114 53
31 54 108
31 108 56
31 108 96
31 96 132
31 132 33
31 33 100
31 100 25
31 25 44
31 25 135
31 135 107
31 107 138
31 138 72
31 72 136
31 72 19
31 136 0
31 136 133
31 133 112
31 133 110
31 112 78
31 78 45
31 78 113
31 113 18
31 113 50
31 18 76
31 18 128
31 76 41
31 41 99
31 41 26
31 99 139
31 139 59
31 139 115
31 59 70
31 59 92
31 70 14
31 70 7
31 7 55
31 55 58
31 55 98
31 58 142
31 142 91
31 91 9
31 9 39
31 9 13
31 13 77
31 77 94
31 77 145
31 145 141
31 145 28
31 28 32
31 32 42
31 42 4
31 42 129
31 129 51
31 51 11
31 11 31
31 11 123
31 31 67
31 31 102
31 102 143
31 143 79
31 143 15
31 79 60
31 60 118
31 60 88
31 88 1
31 88 66
31 1 48
31 48 2
31 2 57
31 2 146
31 146 93
31 93 116
31 93 24
31 116 85
31 116 29
31 85 81
31 81 126
31 126 149
31 126 69
31 149 5
31 149 86
31 86 22
31 22 38
31 38 103
31 38 120
31 103 68
31 68 49
31 68 36
31 36 101
31 101 83
31 101 74
31 74 43
31 74 8
31 8 124
31 124 117
31 124 137
32 70 9
32 9 14
32 14 120
32 14 46
32 120 107
32 107 103
32 107 22
32 103 90
32 103 19
32 90 93
32 93 148
32 148 61
32 148 143
32 143 27
32 27 15
32 27 7
32 7 33
32 33 24
32 33 56
32 24 110
32 110 98
32 110 67
32 98 135
32 135 3
32 135 99
32 99 142
32 99 89
32 89 36
32 89 105
32 36 131
32 131 72
32 72 133
32 72 34
32 34 5
32 5 59
32 5 117
32 117 101
32 101 41
32 41 140
32 140 18
32 18 55
32 55 112
32 55 35
32 112 30
32 112 21
32 30 125
32 125 51
32 51 106
32 51 121
32 121 85
32 121 130
32 85 49
32 85 17
32 49 108
32 108 102
32 102 23
32 23 73
32 73 52
32 73 8
32 52 25
32 25 76
32 76 84
32 84 87
32 87 111
32 87 137
32 137 60
32 137 118
32 118 42
32 42 81
32 81 13
32 81 122
32 13 68
32 13 96
32 96 11
32 96 127
32 11 132
32 11 54
32 132 145
32 132 63
32 63 88
32 63 16
32 16 50
32 16 66
32 50 141
32 141 86
32 141 149
32 149 48
32 48 115
32 115 75
32 115 65
32 65 124
32 124 26
32 124 0
32 26 136
32 26 92
32 136 12
32 12 20
32 12 80
33 31 88
33 88 10
33 88 51
33 51 1
33 51 111
33 1 96
33 1 145
33 145 58
33 145 14
33 58 116
33 58 101
33 116 102
33 102 100
33 102 29
33 29 118
33 29 44
33 118 69
33 69 122
33 69 113
33 122 16
33 122 61
33 61 45
33 61 52
33 52 85
33 52 35
33 85 54
33 85 43
33 43 123
33 43 93
33 93 12
33 93 105
33 12 64
33 12 9
33 9 130
33 9 135
33 135 104
33 135 77
33 77 142
33 142 117
33 117 114
33 114 83
33 83 66
33 83 136
33 66 74
33 66 48
33 74 38
33 74 15
33 38 49
33 38 138
33 49 110
33 110 115
33 115 76
33 76 129
33 76 40
33 40 18
33 40 13
33 18 37
33 18 6
33 37 0
33 37 126
33 126 42
33 126 87
33 42 55
33 55 71
33 55 139
33 71 24
33 71 3
33 3 4
33 3 25
33 4 89
33 89 112
33 89 131
33 131 134
33 134 125
33 125 108
33 108 21
33 21 103
33 103 36
33 36 128
33 36 19
33 128 46
33 46 67
33 67 81
33 67 20
33 81 78
33 78 140
33 140 147
33 140 22
33 22 127
33 22 39
33 127 63
33 127 56
33 63 146
33 63 11
33 11 86
33 86 68
33 68 47
33 68 119
34 28 54
34 28 117
34 54 46
34 46 7
34 7 105
34 7 85
34 105 72
34 72 49
34 72 113
34 113 101
34 101 127
34 101 116
34 116 61
34 116 80
34 61 110
34 61 97
34 110 77
34 110 135
34 77 126
34 77 141
34 126 111
34 126 2
34 2 55
34 2 39
34 39 15
34 39 89
34 89 40
34 40 83
34 40 73
34 83 42
34 42 63
34 42 130
34 130 23
34 130 119
34 119 95
34 119 17
34 95 38
34 38 58
34 58 93
34 58 100
34 100 56
34 100 87
34 56 94
34 94 122
34 94 14
34 14 75
34 75 131
34 131 81
34 81 147
34 147 98
34 98 36
34 36 148
34 36 32
34 32 99
34 32 4
34 99 109
34 99 69
34 109 114
34 109 103
34 103 35
34 35 48
34 48 104
34 104 41
34 41 24
34 24 129
34 24 118
34 118 134
34 134 82
34 134 31
34 82 88
34 88 50
34 88 3
34 3 86
34 86 132
34 86 106
34 132 149
34 149 5
34 149 13
34 5 70
34 5 59
34 70 128
34 128 62
34 62 6
34 62 64
34 64 53
34 53 107
34 53 121
34 121 8
34 8 45
34 45 10
34 10 9
34 9 22
34 22 51
34 51 34
34 51 11
34 34 144
34 34 125
34 144 146
35 135 48
35 135 95
35 95 91
35 95 145
35 91 36
35 91 32
35 32 59
35 32 45
35 59 62
35 62 38
35 62 69
35 38 20
35 20 129
35 20 75
35 129 6
35 6 4
35 6 133
35 133 11
35 133 27
35 11 70
35 11 23
35 70 31
35 70 82
35 31 149
35 149 143
35 149 89
35 143 121
35 121 64
35 121 142
35 64 115
35 64 0
35 115 56
35 56 13
35 56 94
35 94 9
35 94 146
35 9 80
35 9 55
35 55 43
35 43 116
35 43 93
35 93 28
35 93 144
35 28 140
35 28 65
35 140 130
35 130 44
35 44 127
35 127 147
35 147 148
35 148 131
35 148 90
35 131 125
35 131 102
35 102 57
35 102 37
35 37 14
35 37 40
35 40 137
35 137 5
35 137 101
35 5 39
35 39 124
35 124 112
35 124 25
35 112 58
35 112 21
35 21 108
35 108 98
35 108 15
35 15 77
35 15 26
35 77 60
35 77 132
35 132 78
35 78 1
35 78 138
35 138 19
35 138 41
35 41 87
35 87 111
35 87 104
35 104 85
35 104 123
35 123 3
35 3 18
35 18 105
35 105 8
35 8 114
35 8 17
35 17 83
35 83 139
35 83 81
35 81 76
35 76 54
35 76 52
35 52 61
35 52 12
36 10 60
36 60 120
36 60 59
36 120 41
36 120 106
36 41 147
36 41 3
36 147 137
36 147 97
36 97 13
36 13 52
36 13 139
36 139 49
36 49 24
36 49 32
36 32 73
36 32 119
36 119 77
36 119 57
36 77 29
36 29 132
36 29 81
36 132 124
36 132 17
36 17 127
36 17 66
36 127 70
36 127 72
36 70 34
36 70 65
36 65 133
36 133 113
36 133 141
36 141 61
36 141 110
36 61 101
36 61 144
36 101 69
36 101 114
36 69 140
36 69 18
36 18 51
36 51 11
36 51 111
36 111 116
36 116 84
36 84 87
36 84 56
36 87 121
36 87 145
36 145 1
36 145 74
36 74 134
36 74 47
36 134 0
36 134 94
36 0 96
36 96 128
36 128 103
36 103 146
36 146 5
36 5 27
36 27 105
36 105 100
36 105 108
36 108 22
36 108 75
36 22 14
36 14 92
36 92 86
36 92 117
36 86 53
36 53 88
36 88 136
36 136 131
36 136 83
36 83 76
36 76 7
36 7 2
36 7 143
36 143 55
36 143 31
36 31 46
36 46 126
36 126 109
36 126 149
36 149 82
36 149 25
36 25 98
36 98 95
36 95 80
36 95 28
36 28 12
36 12 23
36 23 130
36 130 89
36 89 68
36 89 67
37 45 136
37 45 8
37 8 68
37 8 5
37 5 25
37 5 55
37 25 145
37 145 53
37 53 93
37 93 92
37 93 37
37 37 4
37 4 134
37 134 138
37 138 99
37 138 56
37 99 42
37 42 149
37 42 36
37 149 141
37 149 125
37 141 7
37 141 147
37 7 109
37 109 121
37 121 0
37 0 49
37 49 120
37 49 94
37 120 12
37 120 111
37 12 72
37 12 130
37 72 127
37 72 3
37 127 66
37 127 39
37 39 79
37 39 114
37 114 106
37 106 32
37 32 48
37 48 46
37 48 10
37 10 122
37 10 100
37 122 17
37 17 54
37 17 95
37 54 123
37 54 44
37 123 137
37 123 19
37 137 41
37 137 31
37 31 86
37 86 61
37 61 47
37 47 6
37 6 102
37 6 71
37 102 20
37 102 91
37 20 116
37 116 139
37 116 24
37 24 142
37 24 110
37 142 27
37 27 112
37 27 89
37 112 14
37 14 57
37 14 76
37 57 33
37 33 60
37 60 117
37 60 52
37 52 23
37 52 18
37 18 13
37 18 78
37 78 90
37 78 133
37 133 132
37 133 40
37 132 85
37 85 51
37 85 113
37 113 29
37 113 84
37 84 35
37 35 9
37 35 131
37 9 65
37 9 34
37 65 105
37 105 28
38 135 136
38 135 88
38 136 94
38 136 80
38 94 107
38 107 39
38 107 33
38 39 89
38 89 91
38 91 138
38 91 9
38 9 142
38 9 52
38 52 95
38 52 29
38 95 93
38 95 96
38 96 98
38 98 92
38 98 49
38 92 71
38 92 75
38 71 87
38 71 7
38 87 61
38 61 17
38 61 57
38 17 84
38 17 26
38 26 141
38 141 133
38 133 15
38 15 19
38 15 81
38 81 101
38 81 108
38 108 16
38 16 104
38 16 66
38 104 1
38 1 143
38 1 90
38 143 64
38 143 78
38 78 8
38 8 110
38 8 30
38 30 24
38 24 114
38 114 20
38 20 53
38 53 40
38 40 58
38 40 132
38 132 54
38 54 149
38 54 43
38 149 146
38 149 83
38 83 27
38 27 41
38 41 70
38 70 18
38 70 68
38 18 130
38 130 144
38 144 28
38 144 116
38 28 140
38 28 10
38 140 145
38 140 97
38 97 25
38 97 38
38 38 48
38 38 67
38 48 22
38 22 139
38 22 59
38 59 129
38 59 14
38 129 119
38 119 86
38 86 45
38 45 0
38 0 77
38 77 5
38 5 137
38 5 46
38 46 74
38 46 37
38 74 99
38 74 34
38 99 125
38 125 42
38 125 55
38 42 12
38 42 79
39 30 46
39 46 60
39 60 125
39 125 37
39 125 2
39 37 65
39 37 21
39 65 126
39 126 85
39 126 54
39 85 64
39 64 67
39 64 61
39 61 112
39 112 44
39 112 22
39 22 42
39 42 80
39 42 93
39 93 135
39 93 90
39 135 19
39 19 45
39 19 145
39 145 11
39 145 123
39 11 98
39 11 121
39 98 1
39 98 52
39 52 53
39 52 117
39 53 18
39 18 57
39 18 104
39 57 131
39 57 43
39 43 97
39 97 47
39 47 15
39 47 82
39 15 109
39 109 17
39 109 56
39 17 76
39 76 91
39 91 141
39 91 55
39 55 110
39 55 133
39 133 59
39 133 38
39 38 140
39 38 81
39 140 138
39 138 27
39 27 132
39 132 143
39 132 139
39 143 31
39 31 120
39 120 92
39 92 51
39 51 72
39 72 9
39 9 149
39 9 70
39 149 129
39 129 49
39 129 127
39 49 114
39 49 75
39 114 7
39 114 35
39 35 111
39 35 95
39 95 12
39 95 137
39 137 144
39 144 103
39 103 77
39 103 16
39 16 106
39 16 32
39 106 4
39 106 134
39 4 122
39 4 119
39 119 28
39 119 84
39 84 105
39 84 142
39 105 83
39 105 100
39 83 20
39 83 88
39 20 34
39 20 101
40 145 72
40 72 76
40 76 29
40 29 0
40 29 44
40 0 134
40 0 8
40 8 93
40 93 149
40 93 139
40 139 112
40 139 30
40 112 98
40 112 64
40 64 28
40 64 87
40 87 99
40 87 19
40 19 31
40 31 46
40 31 115
40 46 22
40 46 65
40 22 4
40 4 33
40 33 126
40 33 17
40 126 120
40 120 40
40 40 83
40 83 66
40 66 70
40 66 143
40 70 53
40 53 69
40 69 92
40 69 2
40 92 62
40 62 81
40 81 89
40 89 138
40 138 60
40 138 82
40 82 101
40 82 85
40 85 10
40 10 57
40 57 54
40 57 103
40 54 124
40 124 107
40 124 117
40 117 42
40 117 147
40 147 23
40 23 21
40 21 24
40 24 118
40 24 104
40 104 38
40 38 116
40 38 58
40 116 121
40 121 63
40 63 3
40 3 20
40 3 34
40 34 67
40 67 94
40 94 96
40 94 127
40 127 50
40 127 68
40 50 148
40 50 1
40 1 106
40 106 129
40 106 71
40 71 91
40 71 35
40 91 12
40 91 95
40 12 80
40 12 52
40 52 14
40 52 51
40 14 74
40 74 73
40 74 79
40 73 15
40 73 77
40 77 9
40 77 32
40 9 123
40 9 114
40 114 48
40 114 113
40 48 105
41 86 139
41 139 46
41 46 149
41 149 141
41 141 88
41 141 108
41 108 48
41 108 76
41 76 77
41 76 83
41 77 90
41 77 123
41 123 143
41 123 50
41 143 93
41 93 41
41 41 49
41 41 15
41 15 74
41 15 5
41 5 105
41 5 115
41 105 39
41 105 26
41 26 23
41 23 32
41 23 118
41 118 63
41 118 54
41 63 135
41 135 36
41 36 148
41 36 144
41 144 104
41 144 35
41 35 30
41 30 57
41 57 128
41 128 129
41 129 145
41 129 33
41 145 136
41 145 133
41 136 92
41 136 110
41 110 82
41 110 53
41 82 67
41 82 122
41 67 95
41 67 6
41 6 27
41 6 140
41 27 65
41 27 91
41 65 43
41 43 11
41 43 116
41 116 124
41 116 44
41 124 62
41 62 89
41 89 1
41 1 20
41 1 71
41 71 80
41 80 87
41 80 130
41 130 121
41 130 84
41 121 100
41 121 75
41 75 142
41 142 64
41 64 73
41 64 146
41 146 132
41 132 31
41 31 102
41 31 107
41 107 101
41 107 14
41 101 52
41 52 45
41 45 19
41 45 97
41 19 94
41 19 40
41 40 147
41 40 120
41 147 109
41 109 58
41 109 106
41 106 4
41 106 66
41 66 131
41 66 42
41 131 114
42 70 77
42 77 61
42 61 45
42 61 71
42 45 82
42 45 141
42 82 81
42 82 47
42 81 53
42 81 107
42 107 55
42 107 68
42 55 51
42 51 86
42 86 93
42 93 133
42 93 74
42 133 57
42 133 147
42 57 144
42 57 142
42 144 14
42 144 46
42 14 39
42 14 146
42 146 126
42 146 102
42 102 98
42 98 104
42 104 16
42 16 123
42 123 49
42 123 11
42 49 129
42 129 1
42 129 100
42 100 127
42 127 89
42 89 29
42 29 131
42 29 24
42 131 44
42 44 149
42 44 38
42 38 19
42 38 132
42 19 8
42 8 119
42 8 41
42 41 34
42 41 54
42 54 69
42 54 135
42 135 76
42 76 87
42 87 10
42 87 21
42 21 94
42 21 52
42 52 15
42 52 97
42 15 23
42 23 58
42 58 115
42 58 111
42 115 112
42 112 137
42 137 79
42 137 122
42 79 121
42 121 84
42 121 105
42 84 28
42 28 80
42 80 118
42 80 4
42 118 78
42 78 139
42 139 64
42 64 33
42 33 109
42 33 5
42 109 96
42 109 83
42 83 67
42 83 145
42 145 6
42 145 65
42 65 43
42 65 13
42 13 148
42 148 35
42 35 63
42 35 136
42 63 110
42 63 40
42 40 95
42 95 9
43 88 60
43 88 131
43 60 115
43 115 2
43 2 144
43 144 117
43 117 63
43 117 6
43 6 138
43 138 125
43 138 123
43 123 85
43 123 74
43 85 70
43 70 46
43 70 42
43 46 141
43 46 96
43 141 113
43 141 116
43 116 35
43 35 142
43 35 97
43 142 13
43 13 103
43 103 16
43 103 39
43 16 110
43 16 26
43 110 55
43 110 38
43 55 20
43 20 73
43 20 92
43 73 67
43 73 3
43 67 102
43 102 12
43 12 9
43 9 61
43 9 112
43 61 134
43 61 114
43 114 132
43 114 120
43 132 21
43 21 133
43 133 100
43 100 79
43 79 86
43 86 36
43 86 122
43 36 149
43 36 51
43 149 128
43 128 108
43 108 24
43 108 14
43 14 28
43 28 45
43 28 71
43 45 8
43 45 5
43 5 69
43 5 135
43 135 53
43 53 148
43 148 50
43 50 105
43 105 111
43 111 126
43 126 72
43 72 101
43 101 137
43 137 140
43 140 93
43 140 57
43 93 33
43 33 22
43 33 0
43 22 147
43 22 10
43 10 118
43 118 4
43 4 43
43 43 77
43 77 127
43 77 49
43 127 1
43 1 56
43 56 34
43 34 27
43 34 95
43 27 62
43 62 129
43 129 59
43 59 99
43 99 54
44 32 15
44 32 86
44 15 138
44 138 136
44 136 23
44 136 22
44 22 60
44 22 55
44 55 133
44 55 10
44 133 43
44 133 20
44 20 105
44 20 78
44 105 62
44 105 5
44 62 107
44 107 101
44 101 38
44 38 0
44 38 2
44 0 3
44 0 99
44 99 58
44 58 122
44 58 73
44 122 116
44 116 4
44 4 67
44 4 140
44 140 37
44 140 103
44 37 42
44 42 95
44 95 112
44 95 14
44 14 90
44 14 49
44 90 85
44 90 63
44 85 21
44 85 96
44 21 57
44 57 117
44 117 66
44 66 31
44 66 70
44 70 52
44 70 83
44 83 13
44 83 8
44 8 84
44 84 68
44 84 16
44 68 148
44 148 61
44 61 146
44 61 97
44 146 135
44 135 120
44 135 18
44 18 45
44 45 77
44 77 88
44 77 87
44 87 106
44 87 126
44 106 19
44 106 59
44 19 109
44 109 69
44 109 123
44 69 9
44 9 24
44 24 34
44 34 130
44 34 129
44 129 76
44 76 111
44 111 12
44 12 139
44 12 48
44 139 102
44 139 50
44 50 6
44 50 54
44 6 65
44 65 92
44 65 11
44 92 143
44 92 98
44 143 124
44 143 82
44 124 89
44 124 35
44 35 132
44 35 118
44 132 115
45 93 15
45 93 43
45 15 22
45 22 49
45 49 2
45 49 132
45 2 51
45 51 105
45 51 109
45 109 61
45 61 128
45 128 148
45 148 17
45 148 82
45 82 79
45 79 31
45 31 11
45 11 7
45 11 46
45 7 114
45 7 66
45 114 125
45 125 116
45 125 92
45 116 138
45 116 13
45 13 35
45 13 91
45 91 56
45 56 112
45 56 40
45 112 111
45 112 99
45 111 149
45 149 21
45 21 53
45 53 140
45 140 136
45 136 10
45 136 44
45 10 98
45 10 130
45 130 60
45 130 52
45 52 24
45 24 137
45 24 75
45 137 57
45 137 9
45 57 64
45 57 23
45 23 39
45 23 100
45 39 25
45 25 139
45 139 76
45 76 86
45 86 54
45 54 96
45 96 102
45 96 3
45 102 42
45 42 62
45 62 41
45 62 126
45 126 73
45 73 26
45 26 71
45 71 19
45 19 77
45 77 118
45 77 27
45 27 74
45 27 141
45 141 18
45 141 144
45 144 87
45 144 145
45 145 131
45 145 129
45 129 1
45 1 90
45 1 68
45 68 5
45 5 32
45 5 45
45 45 38
45 38 8
45 8 127
45 8 59
45 127 97
45 97 72
45 97 121
45 121 36
45 121 142
45 36 113
45 36 122
45 122 34
46 122 101
46 122 141
46 141 19
46 141 147
46 147 9
46 147 92
46 92 60
46 60 148
46 60 109
46 148 2
46 2 143
46 2 107
46 107 1
46 1 108
46 108 123
46 108 10
46 123 55
46 123 46
46 46 64
46 64 113
46 64 48
46 113 75
46 113 146
46 146 52
46 52 16
46 52 105
46 16 117
46 16 59
46 59 74
46 74 97
46 74 44
46 44 50
46 50 125
46 50 89
46 89 12
46 89 21
46 12 62
46 62 95
46 62 5
46 95 138
46 95 27
46 138 36
46 138 61
46 36 88
46 36 79
46 88 86
46 86 130
46 130 76
46 130 99
46 76 67
46 76 25
46 67 22
46 67 20
46 22 33
46 22 26
46 33 104
46 33 47
46 47 81
46 81 34
46 34 129
46 34 149
46 129 11
46 129 135
46 11 98
46 11 14
46 14 87
46 87 77
46 87 83
46 83 93
46 83 84
46 84 80
46 84 7
46 7 126
46 7 70
46 126 32
46 32 110
46 110 94
46 110 30
46 30 13
46 30 56
46 56 111
46 56 128
46 128 63
46 63 91
46 91 78
46 91 54
46 54 112
46 112 15
46 112 100
46 15 38
46 15 35
46 38 140
46 140 39
46 140 51
46 51 82
46 82 68
46 82 53
46 53 103
47 58 122
47 122 92
47 92 79
47 92 73
47 73 70
47 70 18
47 70 25
47 25 113
47 113 78
47 78 12
47 12 38
47 38 21
47 21 85
47 21 52
47 52 108
47 108 61
47 108 1
47 1 142
47 142 107
47 142 94
47 107 59
47 59 145
47 59 125
47 145 51
47 145 148
47 148 83
47 83 134
47 134 43
47 134 84
47 43 30
47 43 89
47 30 26
47 26 100
47 26 67
47 67 32
47 32 28
47 32 123
47 28 119
47 119 136
47 136 20
47 136 4
47 20 47
47 20 72
47 72 8
47 72 130
47 8 88
47 8 97
47 88 68
47 68 116
47 68 62
47 116 133
47 133 41
47 41 109
47 41 144
47 109 49
47 49 98
47 49 128
47 128 63
47 63 147
47 63 82
47 82 6
47 82 60
47 60 69
47 60 149
47 69 86
47 69 114
47 86 103
47 103 120
47 103 118
47 118 33
47 118 56
47 33 80
47 80 131
47 80 48
47 48 55
47 48 146
47 146 129
47 129 102
47 102 22
47 22 64
47 22 105
47 64 75
47 64 112
47 75 53
47 75 115
47 115 42
47 42 0
47 0 141
47 0 90
47 141 140
47 140 139
47 139 5
47 5 24
47 24 10
47 24 17
47 10 2
47 10 7
47 7 14
48 26 49
48 49 89
48 49 30
48 30 143
48 30 78
48 143 142
48 143 88
48 88 97
48 97 0
48 97 18
48 0 60
48 60 32
48 60 16
48 16 6
48 16 83
48 83 129
48 83 144
48 144 109
48 144 77
48 77 79
48 77 53
48 53 14
48 14 132
48 14 75
48 132 25
48 25 37
48 37 102
48 102 31
48 31 99
48 99 68
48 68 95
48 95 54
48 54 124
48 54 120
48 120 33
48 120 41
48 33 20
48 33 52
48 20 76
48 76 72
48 72 59
48 72 58
48 58 61
48 61 4
48 61 19
48 4 62
48 62 44
48 44 136
48 44 137
48 137 5
48 137 35
48 35 15
48 35 93
48 93 101
48 93 91
48 91 12
48 91 147
48 147 17
48 147 51
48 17 118
48 17 135
48 118 112
48 112 39
48 112 1
48 39 128
48 128 47
48 128 36
48 47 123
48 123 116
48 123 130
48 116 84
48 84 94
48 84 122
48 94 7
48 7 11
48 11 149
48 11 148
48 148 3
48 148 69
48 69 82
48 82 43
48 43 113
48 113 139
48 113 50
48 139 67
48 67 21
48 21 117
48 21 146
48 117 66
48 66 71
48 66 86
48 86 63
48 63 87
48 87 56
48 87 145
48 145 42
48 42 131
48 131 65
49 55 131
49 131 130
49 131 81
49 130 27
49 27 84
49 84 68
49 84 20
49 20 107
49 20 92
49 107 146
49 107 103
49 103 126
49 126 88
49 88 28
49 88 132
49 28 12
49 28 1
49 1 58
49 58 89
49 89 15
49 89 115
49 15 63
49 15 17
49 63 56
49 63 62
49 62 60
49 62 2
49 2 80
49 80 5
49 5 141
49 141 100
49 100 29
49 29 47
49 47 120
49 47 19
49 120 101
49 120 53
49 101 83
49 101 142
49 142 45
49 45 102
49 102 40
49 40 138
49 40 91
49 91 116
49 91 109
49 116 66
49 116 39
49 66 52
49 52 96
49 52 61
49 96 65
49 96 69
49 65 125
49 65 76
49 76 104
49 76 57
49 104 105
49 105 135
49 105 74
49 74 85
49 74 127
49 85 95
49 95 124
49 124 38
49 124 48
49 48 26
49 48 145
49 145 86
49 86 46
49 86 51
49 51 82
49 82 44
49 44 97
49 97 64
49 97 37
49 64 79
49 79 7
49 79 90
49 7 16
49 16 32
49 32 9
49 9 134
49 134 24
49 24 139
49 139 112
49 112 111
49 111 113
49 111 4
49 4 119
49 119 98
49 119 34
49 98 148
49 148 140
49 148 6
49 140 137
49 140 133
49 133 3
