0 15 10
0 10 13
0 13 19
0 19 12
0 12 5
0 5 8
0 5 14
0 14 7
1 4 12
1 4 6
1 12 15
1 12 18
1 18 13
1 13 2
1 2 7
1 7 0
2 15 4
2 4 13
2 4 18
2 18 6
2 18 3
2 6 11
2 11 8
2 8 16
3 16 0
3 16 8
3 8 15
3 15 7
3 7 17
3 17 18
3 17 2
3 18 5
4 14 10
4 14 15
4 15 5
4 15 18
4 18 2
4 18 4
4 2 6
4 2 9
5 16 19
5 19 14
5 14 6
5 6 18
5 18 5
5 5 10
5 10 2
5 2 8
6 13 10
6 13 12
6 10 14
6 14 5
6 5 6
6 5 11
6 6 8
6 6 7
7 6 2
7 2 3
7 2 15
7 15 8
7 8 11
7 11 10
7 10 18
7 18 7
8 16 14
8 16 11
8 14 19
8 19 8
8 8 10
8 10 1
8 1 12
8 12 7
9 3 4
9 3 12
9 4 19
9 4 2
9 2 16
9 16 8
9 16 10
9 10 18
