0 44 29
0 29 60
0 60 12
0 12 65
0 65 35
0 35 3
0 3 37
0 37 46
0 46 63
0 63 27
0 27 22
0 22 69
0 69 30
0 30 28
0 28 34
0 34 61
0 61 41
0 41 24
0 24 4
0 4 49
0 49 58
0 58 19
0 19 51
0 51 21
0 21 62
0 62 48
0 48 20
0 20 0
0 0 43
0 43 32
0 32 31
0 31 39
0 39 18
0 18 54
0 54 2
0 2 17
0 17 8
0 8 16
0 16 13
0 13 9
0 9 52
0 52 55
0 55 67
0 67 7
0 7 59
0 59 38
0 38 33
0 33 47
0 47 42
1 59 0
1 0 26
1 26 62
1 62 24
1 24 17
1 17 22
1 22 23
1 23 67
1 67 8
1 8 33
1 33 32
1 32 48
1 48 30
1 30 51
1 51 68
1 68 37
1 37 46
1 46 63
1 63 69
1 69 56
1 56 28
1 28 19
1 19 31
1 31 21
1 21 65
1 65 38
1 38 20
1 20 6
1 6 27
1 27 41
1 41 34
1 34 13
1 13 2
1 2 66
1 66 3
1 3 43
1 43 18
1 18 47
1 47 64
1 64 10
1 10 15
1 15 54
1 54 14
1 14 55
1 55 58
1 58 42
1 42 60
1 60 7
1 7 44
2 3 6
2 6 40
2 40 63
2 63 47
2 47 5
2 5 42
2 42 38
2 38 67
2 67 10
2 10 21
2 21 14
2 14 49
2 49 44
2 44 8
2 8 27
2 27 39
2 39 30
2 30 53
2 53 68
2 68 56
2 56 23
2 23 2
2 2 7
2 7 28
2 28 36
2 36 9
2 9 45
2 45 43
2 43 4
2 4 17
2 17 19
2 19 69
2 69 11
2 11 65
2 65 51
2 51 22
2 22 35
2 35 37
2 37 64
2 64 33
2 33 66
2 66 41
2 41 25
2 25 46
2 46 59
2 59 1
2 1 12
2 12 62
2 62 50
3 52 23
3 23 67
3 67 57
3 57 22
3 22 26
3 26 10
3 10 5
3 5 50
3 50 32
3 32 43
3 43 35
3 35 2
3 2 69
3 69 20
3 20 65
3 65 62
3 62 42
3 42 49
3 49 24
3 24 51
3 51 38
3 38 4
3 4 37
3 37 40
3 40 45
3 45 58
3 58 48
3 48 60
3 60 12
3 12 66
3 66 55
3 55 68
3 68 39
3 39 0
3 0 25
3 25 29
3 29 61
3 61 6
3 6 59
3 59 13
3 13 18
3 18 9
3 9 3
3 3 21
3 21 28
3 28 54
3 54 46
3 46 15
3 15 27
4 41 60
4 60 8
4 8 13
4 13 23
4 23 40
4 40 12
4 12 46
4 46 11
4 11 29
4 29 49
4 49 57
4 57 34
4 34 63
4 63 21
4 21 55
4 55 1
4 1 36
4 36 31
4 31 6
4 6 61
4 61 56
4 56 10
4 10 14
4 14 20
4 20 44
4 44 7
4 7 59
4 59 28
4 28 18
4 18 37
4 37 50
4 50 69
4 69 4
4 4 32
4 32 53
4 53 26
4 26 51
4 51 58
4 58 2
4 2 43
4 43 66
4 66 15
4 15 3
4 3 35
4 35 64
4 64 45
4 45 47
4 47 19
4 19 38
5 40 39
5 39 5
5 5 38
5 38 1
5 1 51
5 51 30
5 30 21
5 21 25
5 25 45
5 45 26
5 26 34
5 34 49
5 49 20
5 20 11
5 11 69
5 69 15
5 15 63
5 63 12
5 12 13
5 13 31
5 31 68
5 68 4
5 4 7
5 7 16
5 16 48
5 48 36
5 36 33
5 33 62
5 62 55
5 55 23
5 23 64
5 64 42
5 42 24
5 24 9
5 9 52
5 52 35
5 35 32
5 32 56
5 56 44
5 44 3
5 3 41
5 41 22
5 22 10
5 10 66
5 66 19
5 19 17
5 17 8
5 8 29
5 29 43
6 17 33
6 33 32
6 32 63
6 63 2
6 2 20
6 20 47
6 47 29
6 29 36
6 36 14
6 14 0
6 0 26
6 26 39
6 39 48
6 48 27
6 27 57
6 57 35
6 35 21
6 21 53
6 53 6
6 6 10
6 10 1
6 1 65
6 65 16
6 16 28
6 28 59
6 59 69
6 69 62
6 62 46
6 46 60
6 60 68
6 68 42
6 42 49
6 49 52
6 52 44
6 44 40
6 40 13
6 13 38
6 38 56
6 56 22
6 22 11
6 11 19
6 19 34
6 34 24
6 24 15
6 15 25
6 25 43
6 43 37
6 37 54
6 54 55
7 40 41
7 41 50
7 50 62
7 62 18
7 18 38
7 38 2
7 2 57
7 57 52
7 52 39
7 39 1
7 1 49
7 49 64
7 64 45
7 45 27
7 27 61
7 61 13
7 13 55
7 55 15
7 15 43
7 43 26
7 26 32
7 32 30
7 30 6
7 6 20
7 20 48
7 48 10
7 10 12
7 12 16
7 16 3
7 3 44
7 44 58
7 58 22
7 22 63
7 63 51
7 51 9
7 9 23
7 23 46
7 46 42
7 42 37
7 37 21
7 21 11
7 11 69
7 69 24
7 24 31
7 31 68
7 68 34
7 34 56
7 56 28
7 28 19
8 8 23
8 23 4
8 4 44
8 44 66
8 66 65
8 65 53
8 53 58
8 58 20
8 20 54
8 54 42
8 42 29
8 29 12
8 12 10
8 10 3
8 3 55
8 55 1
8 1 11
8 11 51
8 51 27
8 27 36
8 36 32
8 32 39
8 39 35
8 35 41
8 41 28
8 28 31
8 31 0
8 0 22
8 22 50
8 50 46
8 46 14
8 14 33
8 33 47
8 47 59
8 59 30
8 30 68
8 68 69
8 69 25
8 25 61
8 61 57
8 57 63
8 63 43
8 43 26
8 26 16
8 16 48
8 48 49
8 49 5
8 5 19
8 19 40
9 16 7
9 7 34
9 34 42
9 42 21
9 21 44
9 44 54
9 54 32
9 32 14
9 14 66
9 66 65
9 65 26
9 26 53
9 53 38
9 38 5
9 5 13
9 13 35
9 35 57
9 57 24
9 24 23
9 23 33
9 33 30
9 30 39
9 39 61
9 61 31
9 31 46
9 46 28
9 28 41
9 41 15
9 15 58
9 58 10
9 10 60
9 60 69
9 69 0
9 0 22
9 22 45
9 45 1
9 1 59
9 59 6
9 6 67
9 67 20
9 20 68
9 68 47
9 47 64
9 64 11
9 11 4
9 4 37
9 37 40
9 40 62
9 62 9
