0 12 8
0 8 2
0 2 14
0 14 1
0 1 5
0 5 10
0 10 0
0 0 6
0 6 11
1 11 13
1 13 12
1 12 14
1 14 2
1 2 7
1 7 4
1 4 5
1 5 9
1 9 6
2 14 6
2 6 9
2 9 12
2 12 8
2 8 13
2 13 10
2 10 2
2 2 0
2 0 3
3 7 13
3 13 12
3 12 2
3 2 8
3 8 10
3 10 9
3 9 4
3 4 3
3 3 1
4 10 7
4 7 11
4 11 6
4 6 8
4 8 4
4 4 13
4 13 14
4 14 5
4 5 2
5 7 2
5 2 0
5 0 14
5 14 10
5 10 4
5 4 1
5 1 12
5 12 3
5 3 8
6 4 8
6 8 12
6 12 9
6 9 6
6 6 10
6 10 13
6 13 11
6 11 7
6 7 2
7 1 7
7 7 13
7 13 11
7 11 6
7 6 8
7 8 2
7 2 3
7 3 12
7 12 10
8 6 7
8 7 9
8 9 12
8 12 1
8 1 11
8 11 13
8 13 4
8 4 5
8 5 3
9 0 6
9 6 2
9 2 1
9 1 13
9 13 8
9 8 3
9 3 4
9 4 14
9 14 10
10 14 1
10 1 9
10 9 4
10 4 5
10 5 10
10 10 3
10 3 6
10 6 13
10 13 11
11 7 13
11 13 4
11 4 0
11 0 9
11 9 6
11 6 8
11 8 5
11 5 10
11 10 11
12 8 10
12 10 2
12 2 9
12 9 0
12 0 12
12 12 1
12 1 5
12 5 6
12 6 14
13 6 11
13 11 3
13 3 5
13 5 13
13 13 10
13 10 1
13 1 2
13 2 7
13 7 0
14 7 3
14 3 9
14 9 14
14 14 5
14 5 6
14 6 4
14 4 8
14 8 2
14 2 12
15 11 1
15 1 10
15 10 5
15 5 9
15 9 12
15 12 2
15 2 13
15 13 7
15 7 3
16 7 5
16 5 13
16 13 6
16 6 3
16 3 10
16 10 14
16 14 8
16 8 1
16 1 4
17 5 0
17 0 2
17 2 7
17 7 10
17 10 4
17 4 3
17 3 13
17 13 9
17 9 1
18 6 14
18 14 5
18 5 10
18 10 8
18 8 2
18 2 1
18 1 13
18 13 7
18 7 3
19 5 8
19 8 0
19 0 6
19 6 12
19 12 4
19 4 11
19 11 3
19 3 13
19 13 2
20 5 12
20 12 11
20 11 10
20 10 7
20 7 9
20 9 14
20 14 1
20 1 0
20 0 4
21 1 12
21 12 3
21 3 10
21 10 5
21 5 2
21 2 14
21 14 8
21 8 9
21 9 7
22 3 8
22 8 1
22 1 13
22 13 5
22 5 2
22 2 14
22 14 4
22 4 6
22 6 0
23 5 4
23 4 14
23 14 8
23 8 2
23 2 0
23 0 6
23 6 12
23 12 7
23 7 1
24 0 10
24 10 4
24 4 13
24 13 9
24 9 2
24 2 8
24 8 6
24 6 14
24 14 3
25 7 5
25 5 14
25 14 4
25 4 2
25 2 8
25 8 0
25 0 10
25 10 13
25 13 11
26 10 9
26 9 13
26 13 7
26 7 11
26 11 3
26 3 14
26 14 6
26 6 8
26 8 12
27 3 1
27 1 11
27 11 0
27 0 6
27 6 13
27 13 10
27 10 7
27 7 4
27 4 2
28 0 14
28 14 5
28 5 11
28 11 12
28 12 4
28 4 8
28 8 10
28 10 7
28 7 9
29 0 9
29 9 4
29 4 7
29 7 1
29 1 2
29 2 13
29 13 12
29 12 14
29 14 6
30 9 2
30 2 5
30 5 4
30 4 12
30 12 11
30 11 3
30 3 1
30 1 10
30 10 0
31 5 10
31 10 2
31 2 8
31 8 6
31 6 0
31 0 13
31 13 1
31 1 7
31 7 12
32 6 9
32 9 1
32 1 10
32 10 4
32 4 7
32 7 13
32 13 3
32 3 11
32 11 5
33 3 11
33 11 4
33 4 12
33 12 2
33 2 9
33 9 6
33 6 14
33 14 0
33 0 5
34 6 7
34 7 13
34 13 10
34 10 11
34 11 8
34 8 3
34 3 1
34 1 4
34 4 2
35 0 11
35 11 5
35 5 12
35 12 10
35 10 4
35 4 7
35 7 8
35 8 14
35 14 3
36 8 11
36 11 10
36 10 5
36 5 7
36 7 0
36 0 3
36 3 13
36 13 12
36 12 1
37 10 3
37 3 6
37 6 14
37 14 12
37 12 4
37 4 8
37 8 5
37 5 13
37 13 11
38 5 0
38 0 14
38 14 9
38 9 3
38 3 1
38 1 12
38 12 13
38 13 8
38 8 6
39 8 0
39 0 12
39 12 3
39 3 13
39 13 1
39 1 14
39 14 11
39 11 7
39 7 9
40 6 11
40 11 12
40 12 7
40 7 0
40 0 3
40 3 14
40 14 9
40 9 1
40 1 13
41 2 11
41 11 9
41 9 4
41 4 8
41 8 0
41 0 12
41 12 5
41 5 14
41 14 6
42 9 3
42 3 7
42 7 4
42 4 11
42 11 0
42 0 8
42 8 13
42 13 6
42 6 1
43 13 3
43 3 10
43 10 1
43 1 8
43 8 9
43 9 6
43 6 14
43 14 0
43 0 5
44 11 12
44 12 3
44 3 6
44 6 10
44 10 4
44 4 0
44 0 7
44 7 1
44 1 13
45 10 7
45 7 8
45 8 14
45 14 1
45 1 3
45 3 13
45 13 12
45 12 11
45 11 9
46 8 2
46 2 11
46 11 6
46 6 4
46 4 13
46 13 5
46 5 1
46 1 10
46 10 7
47 4 3
47 3 9
47 9 0
47 0 14
47 14 5
47 5 7
47 7 12
47 12 8
47 8 1
48 13 0
48 0 2
48 2 12
48 12 5
48 5 10
48 10 1
48 1 3
48 3 11
48 11 9
49 13 10
49 10 1
49 1 8
49 8 0
49 0 12
49 12 14
49 14 11
49 11 5
49 5 6
50 8 7
50 7 13
50 13 10
50 10 11
50 11 1
50 1 5
50 5 0
50 0 6
50 6 3
51 6 12
51 12 9
51 9 8
51 8 10
51 10 3
51 3 11
51 11 1
51 1 0
51 0 4
52 3 5
52 5 1
52 1 14
52 14 13
52 13 9
52 9 10
52 10 8
52 8 7
52 7 11
53 11 5
53 5 2
53 2 9
53 9 13
53 13 4
53 4 14
53 14 6
53 6 3
53 3 1
54 9 1
54 1 0
54 0 14
54 14 13
54 13 5
54 5 6
54 6 2
54 2 8
54 8 11
55 1 3
55 3 10
55 10 12
55 12 4
55 4 5
55 5 8
55 8 0
55 0 6
55 6 11
56 10 4
56 4 7
56 7 2
56 2 8
56 8 5
56 5 0
56 0 9
56 9 6
56 6 11
57 6 4
57 4 2
57 2 8
57 8 1
57 1 7
57 7 3
57 3 0
57 0 12
57 12 5
58 13 6
58 6 5
58 5 4
58 4 9
58 9 12
58 12 10
58 10 7
58 7 8
58 8 0
59 4 7
59 7 3
59 3 6
59 6 0
59 0 8
59 8 12
59 12 9
59 9 2
59 2 10
60 13 7
60 7 6
60 6 3
60 3 5
60 5 4
60 4 2
60 2 0
60 0 11
60 11 12
61 6 12
61 12 13
61 13 11
61 11 5
61 5 2
61 2 8
61 8 10
61 10 3
61 3 1
62 10 8
62 8 9
62 9 1
62 1 14
62 14 4
62 4 2
62 2 0
62 0 3
62 3 11
63 3 11
63 11 6
63 6 1
63 1 14
63 14 13
63 13 8
63 8 7
63 7 4
63 4 2
64 12 11
64 11 13
64 13 10
64 10 3
64 3 0
64 0 2
64 2 9
64 9 4
64 4 5
65 14 12
65 12 11
65 11 6
65 6 2
65 2 9
65 9 3
65 3 5
65 5 13
65 13 0
66 6 11
66 11 9
66 9 5
66 5 3
66 3 12
66 12 13
66 13 10
66 10 8
66 8 2
67 12 4
67 4 10
67 10 5
67 5 6
67 6 2
67 2 13
67 13 0
67 0 9
67 9 11
68 5 8
68 8 3
68 3 6
68 6 10
68 10 11
68 11 14
68 14 2
68 2 13
68 13 9
69 11 8
69 8 13
69 13 1
69 1 7
69 7 9
69 9 0
69 0 14
69 14 6
69 6 4
70 14 6
70 6 2
70 2 4
70 4 7
70 7 10
70 10 5
70 5 8
70 8 11
70 11 13
71 6 2
71 2 10
71 10 1
71 1 9
71 9 3
71 3 12
71 12 14
71 14 13
71 13 11
72 13 1
72 1 10
72 10 6
72 6 2
72 2 14
72 14 7
72 7 5
72 5 9
72 9 0
73 1 13
73 13 9
73 9 10
73 10 0
73 0 14
73 14 12
73 12 2
73 2 7
73 7 4
74 13 3
74 3 7
74 7 1
74 1 2
74 2 11
74 11 9
74 9 0
74 0 5
74 5 6
75 0 9
75 9 13
75 13 5
75 5 12
75 12 7
75 7 8
75 8 4
75 4 11
75 11 3
76 4 7
76 7 5
76 5 9
76 9 2
76 2 8
76 8 0
76 0 13
76 13 3
76 3 12
77 6 13
77 13 1
77 1 10
77 10 12
77 12 2
77 2 14
77 14 0
77 0 7
77 7 11
78 3 7
78 7 11
78 11 9
78 9 12
78 12 14
78 14 1
78 1 5
78 5 8
78 8 4
79 8 11
79 11 13
79 13 7
79 7 4
79 4 3
79 3 12
79 12 9
79 9 0
79 0 2
80 11 6
80 6 5
80 5 2
80 2 10
80 10 3
80 3 1
80 1 7
80 7 0
80 0 4
81 6 10
81 10 0
81 0 14
81 14 4
81 4 3
81 3 13
81 13 8
81 8 7
81 7 1
82 11 6
82 6 12
82 12 4
82 4 3
82 3 2
82 2 14
82 14 1
82 1 9
82 9 5
83 8 6
83 6 5
83 5 1
83 1 13
83 13 0
83 0 10
83 10 4
83 4 11
83 11 7
84 3 2
84 2 5
84 5 4
84 4 14
84 14 10
84 10 7
84 7 1
84 1 6
84 6 12
85 0 9
85 9 7
85 7 8
85 8 4
85 4 5
85 5 13
85 13 3
85 3 11
85 11 1
86 2 6
86 6 8
86 8 9
86 9 1
86 1 14
86 14 12
86 12 10
86 10 0
86 0 13
87 10 13
87 13 2
87 2 6
87 6 7
87 7 8
87 8 11
87 11 3
87 3 4
87 4 9
88 7 11
88 11 4
88 4 10
88 10 12
88 12 13
88 13 8
88 8 0
88 0 14
88 14 3
89 5 9
89 9 14
89 14 11
89 11 8
89 8 10
89 10 12
89 12 7
89 7 6
89 6 2
90 6 12
90 12 4
90 4 0
90 0 10
90 10 8
90 8 11
90 11 13
90 13 9
90 9 14
91 4 7
91 7 0
91 0 3
91 3 13
91 13 14
91 14 6
91 6 10
91 10 9
91 9 1
92 11 12
92 12 5
92 5 8
92 8 14
92 14 6
92 6 2
92 2 9
92 9 10
92 10 13
93 9 13
93 13 10
93 10 7
93 7 5
93 5 6
93 6 2
93 2 11
93 11 0
93 0 12
94 1 6
94 6 5
94 5 10
94 10 0
94 0 12
94 12 7
94 7 14
94 14 9
94 9 4
95 3 0
95 0 11
95 11 7
95 7 4
95 4 14
95 14 12
95 12 13
95 13 5
95 5 10
96 11 7
96 7 9
96 9 1
96 1 12
96 12 10
96 10 13
96 13 3
96 3 4
96 4 0
97 1 10
97 10 3
97 3 0
97 0 14
97 14 7
97 7 6
97 6 4
97 4 11
97 11 12
98 7 8
98 8 13
98 13 5
98 5 3
98 3 1
98 1 2
98 2 9
98 9 4
98 4 6
99 11 3
99 3 13
99 13 1
99 1 5
99 5 8
99 8 0
99 0 4
99 4 10
99 10 9
100 5 13
100 13 7
100 7 11
100 11 1
100 1 0
100 0 3
100 3 14
100 14 4
100 4 6
101 5 10
101 10 4
101 4 12
101 12 8
101 8 14
101 14 1
101 1 2
101 2 3
101 3 0
102 13 5
102 5 2
102 2 10
102 10 0
102 0 8
102 8 1
102 1 11
102 11 9
102 9 7
103 0 1
103 1 11
103 11 10
103 10 5
103 5 14
103 14 9
103 9 3
103 3 7
103 7 4
104 9 13
104 13 2
104 2 14
104 14 8
104 8 0
104 0 6
104 6 3
104 3 10
104 10 5
105 1 10
105 10 3
105 3 6
105 6 11
105 11 5
105 5 8
105 8 9
105 9 4
105 4 14
106 10 3
106 3 14
106 14 4
106 4 6
106 6 7
106 7 12
106 12 5
106 5 0
106 0 9
107 12 11
107 11 6
107 6 4
107 4 2
107 2 3
107 3 13
107 13 14
107 14 10
107 10 8
108 14 5
108 5 9
108 9 12
108 12 7
108 7 11
108 11 3
108 3 8
108 8 2
108 2 10
109 6 11
109 11 1
109 1 10
109 10 9
109 9 5
109 5 7
109 7 8
109 8 12
109 12 3
110 3 10
110 10 11
110 11 1
110 1 7
110 7 14
110 14 9
110 9 0
110 0 12
110 12 8
111 7 13
111 13 4
111 4 6
111 6 8
111 8 0
111 0 1
111 1 11
111 11 3
111 3 5
112 8 0
112 0 6
112 6 14
112 14 4
112 4 10
112 10 13
112 13 12
112 12 7
112 7 5
113 6 4
113 4 8
113 8 9
113 9 10
113 10 1
113 1 3
113 3 5
113 5 14
113 14 12
114 4 10
114 10 6
114 6 2
114 2 11
114 11 1
114 1 14
114 14 8
114 8 3
114 3 0
115 5 10
115 10 2
115 2 8
115 8 3
115 3 7
115 7 12
115 12 13
115 13 11
115 11 1
116 6 9
116 9 1
116 1 13
116 13 11
116 11 5
116 5 4
116 4 0
116 0 8
116 8 3
117 14 10
117 10 6
117 6 0
117 0 11
117 11 4
117 4 13
117 13 9
117 9 5
117 5 1
118 0 7
118 7 8
118 8 14
118 14 9
118 9 6
118 6 11
118 11 10
118 10 1
118 1 13
119 7 8
119 8 5
119 5 11
119 11 6
119 6 9
119 9 1
119 1 10
119 10 0
119 0 4
120 11 1
120 1 4
120 4 2
120 2 7
120 7 9
120 9 3
120 3 13
120 13 5
120 5 12
121 6 7
121 7 0
121 0 14
121 14 2
121 2 1
121 1 3
121 3 5
121 5 11
121 11 9
122 2 9
122 9 11
122 11 14
122 14 10
122 10 8
122 8 3
122 3 4
122 4 5
122 5 0
123 10 2
123 2 5
123 5 0
123 0 3
123 3 4
123 4 13
123 13 8
123 8 7
123 7 12
124 9 8
124 8 11
124 11 4
124 4 10
124 10 0
124 0 7
124 7 5
124 5 1
124 1 12
125 13 0
125 0 3
125 3 4
125 4 9
125 9 5
125 5 11
125 11 8
125 8 1
125 1 14
126 11 7
126 7 9
126 9 3
126 3 5
126 5 0
126 0 1
126 1 8
126 8 10
126 10 6
127 14 10
127 10 0
127 0 6
127 6 11
127 11 1
127 1 3
127 3 5
127 5 12
127 12 2
128 7 0
128 0 11
128 11 5
128 5 2
128 2 9
128 9 14
128 14 4
128 4 8
128 8 1
129 5 14
129 14 9
129 9 11
129 11 8
129 8 1
129 1 10
129 10 12
129 12 3
129 3 0
130 2 13
130 13 6
130 6 1
130 1 4
130 4 7
130 7 0
130 0 14
130 14 9
130 9 3
131 6 1
131 1 14
131 14 8
131 8 13
131 13 0
131 0 12
131 12 3
131 3 7
131 7 10
132 5 11
132 11 12
132 12 13
132 13 10
132 10 14
132 14 3
132 3 4
132 4 8
132 8 9
133 5 14
133 14 11
133 11 3
133 3 4
133 4 12
133 12 10
133 10 6
133 6 7
133 7 0
134 10 4
134 4 0
134 0 7
134 7 3
134 3 9
134 9 13
134 13 8
134 8 1
134 1 11
135 12 5
135 5 11
135 11 9
135 9 6
135 6 8
135 8 0
135 0 1
135 1 3
135 3 13
136 3 2
136 2 14
136 14 5
136 5 10
136 10 4
136 4 12
136 12 0
136 0 1
136 1 7
137 6 12
137 12 13
137 13 0
137 0 9
137 9 5
137 5 4
137 4 14
137 14 7
137 7 11
138 5 2
138 2 0
138 0 13
138 13 4
138 4 7
138 7 10
138 10 12
138 12 1
138 1 3
139 11 0
139 0 12
139 12 7
139 7 1
139 1 13
139 13 10
139 10 14
139 14 4
139 4 5
140 11 0
140 0 10
140 10 12
140 12 14
140 14 5
140 5 3
140 3 9
140 9 1
140 1 6
141 9 6
141 6 14
141 14 1
141 1 0
141 0 13
141 13 10
141 10 7
141 7 8
141 8 4
142 7 4
142 4 14
142 14 0
142 0 2
142 2 5
142 5 9
142 9 12
142 12 11
142 11 13
143 13 12
143 12 14
143 14 8
143 8 6
143 6 4
143 4 7
143 7 1
143 1 9
143 9 11
144 14 9
144 9 8
144 8 13
144 13 1
144 1 4
144 4 6
144 6 5
144 5 12
144 12 11
145 9 12
145 12 3
145 3 2
145 2 11
145 11 10
145 10 5
145 5 1
145 1 6
145 6 7
146 13 5
146 5 14
146 14 7
146 7 9
146 9 11
146 11 4
146 4 1
146 1 8
146 8 6
147 2 0
147 0 13
147 13 5
147 5 6
147 6 14
147 14 9
147 9 8
147 8 4
147 4 3
148 10 5
148 5 12
148 12 13
148 13 7
148 7 0
148 0 11
148 11 2
148 2 4
148 4 1
149 8 3
149 3 10
149 10 5
149 5 11
149 11 13
149 13 4
149 4 1
149 1 6
149 6 12
150 1 10
150 10 9
150 9 3
150 3 11
150 11 8
150 8 2
150 2 6
150 6 7
150 7 12
151 6 11
151 11 14
151 14 2
151 2 4
151 4 10
151 10 8
151 8 5
151 5 13
151 13 9
152 2 7
152 7 11
152 11 0
152 0 3
152 3 1
152 1 12
152 12 4
152 4 8
152 8 10
153 8 6
153 6 0
153 0 7
153 7 13
153 13 4
153 4 2
153 2 5
153 5 1
153 1 10
154 13 5
154 5 8
154 8 3
154 3 10
154 10 0
154 0 12
154 12 2
154 2 6
154 6 4
155 6 3
155 3 12
155 12 9
155 9 10
155 10 2
155 2 1
155 1 13
155 13 5
155 5 0
156 14 7
156 7 1
156 1 10
156 10 2
156 2 6
156 6 4
156 4 5
156 5 11
156 11 13
157 7 9
157 9 4
157 4 2
157 2 13
157 13 5
157 5 8
157 8 11
157 11 14
157 14 0
158 12 9
158 9 4
158 4 6
158 6 10
158 10 1
158 1 14
158 14 2
158 2 0
158 0 11
159 13 11
159 11 4
159 4 7
159 7 1
159 1 6
159 6 14
159 14 9
159 9 8
159 8 5
160 3 9
160 9 6
160 6 14
160 14 7
160 7 2
160 2 13
160 13 1
160 1 11
160 11 8
161 2 11
161 11 0
161 0 6
161 6 9
161 9 4
161 4 12
161 12 7
161 7 3
161 3 5
162 11 5
162 5 7
162 7 9
162 9 3
162 3 6
162 6 8
162 8 13
162 13 10
162 10 12
163 4 13
163 13 0
163 0 10
163 10 11
163 11 12
163 12 3
163 3 5
163 5 8
163 8 1
164 4 5
164 5 10
164 10 12
164 12 3
164 3 1
164 1 9
164 9 14
164 14 11
164 11 0
165 8 14
165 14 11
165 11 13
165 13 9
165 9 12
165 12 4
165 4 7
165 7 1
165 1 5
166 2 12
166 12 14
166 14 5
166 5 13
166 13 8
166 8 7
166 7 11
166 11 6
166 6 0
167 6 4
167 4 11
167 11 10
167 10 9
167 9 7
167 7 0
167 0 1
167 1 5
167 5 8
168 6 5
168 5 2
168 2 12
168 12 13
168 13 1
168 1 10
168 10 4
168 4 0
168 0 8
169 6 2
169 2 1
169 1 13
169 13 9
169 9 8
169 8 4
169 4 7
169 7 0
169 0 11
170 7 8
170 8 0
170 0 11
170 11 1
170 1 13
170 13 14
170 14 10
170 10 4
170 4 6
171 12 4
171 4 3
171 3 9
171 9 2
171 2 11
171 11 0
171 0 6
171 6 8
171 8 14
172 11 6
172 6 14
172 14 2
172 2 8
172 8 4
172 4 10
172 10 3
172 3 12
172 12 1
173 11 4
173 4 9
173 9 10
173 10 5
173 5 3
173 3 13
173 13 8
173 8 0
173 0 12
174 8 7
174 7 14
174 14 2
174 2 9
174 9 12
174 12 10
174 10 1
174 1 0
174 0 11
175 5 13
175 13 3
175 3 1
175 1 7
175 7 8
175 8 2
175 2 12
175 12 0
175 0 11
176 6 8
176 8 7
176 7 13
176 13 0
176 0 3
176 3 10
176 10 1
176 1 14
176 14 9
177 7 5
177 5 2
177 2 10
177 10 1
177 1 13
177 13 4
177 4 11
177 11 12
177 12 8
178 11 6
178 6 0
178 0 1
178 1 2
178 2 13
178 13 4
178 4 10
178 10 12
178 12 8
179 4 5
179 5 0
179 0 12
179 12 11
179 11 8
179 8 1
179 1 7
179 7 3
179 3 13
180 0 2
180 2 6
180 6 13
180 13 1
180 1 14
180 14 10
180 10 5
180 5 12
180 12 4
181 11 3
181 3 14
181 14 8
181 8 2
181 2 4
181 4 10
181 10 13
181 13 0
181 0 12
182 11 2
182 2 4
182 4 10
182 10 7
182 7 6
182 6 8
182 8 3
182 3 14
182 14 5
183 8 13
183 13 5
183 5 12
183 12 0
183 0 3
183 3 10
183 10 4
183 4 1
183 1 7
184 4 12
184 12 7
184 7 5
184 5 0
184 0 2
184 2 11
184 11 10
184 10 14
184 14 3
185 0 14
185 14 8
185 8 7
185 7 13
185 13 3
185 3 5
185 5 4
185 4 1
185 1 9
186 10 12
186 12 1
186 1 9
186 9 4
186 4 5
186 5 0
186 0 14
186 14 11
186 11 6
187 10 9
187 9 14
187 14 1
187 1 12
187 12 11
187 11 3
187 3 13
187 13 2
187 2 8
188 13 4
188 4 2
188 2 14
188 14 1
188 1 6
188 6 9
188 9 11
188 11 10
188 10 3
189 1 12
189 12 10
189 10 7
189 7 13
189 13 8
189 8 9
189 9 0
189 0 6
189 6 3
190 8 6
190 6 11
190 11 0
190 0 10
190 10 14
190 14 1
190 1 2
190 2 9
190 9 12
191 4 6
191 6 14
191 14 5
191 5 1
191 1 13
191 13 0
191 0 9
191 9 12
191 12 10
192 10 8
192 8 14
192 14 1
192 1 7
192 7 0
192 0 12
192 12 5
192 5 13
192 13 6
193 10 7
193 7 0
193 0 3
193 3 14
193 14 5
193 5 4
193 4 2
193 2 8
193 8 11
194 10 0
194 0 12
194 12 2
194 2 5
194 5 3
194 3 6
194 6 14
194 14 11
194 11 9
195 0 3
195 3 8
195 8 4
195 4 14
195 14 2
195 2 6
195 6 10
195 10 5
195 5 7
196 4 11
196 11 12
196 12 13
196 13 6
196 6 8
196 8 7
196 7 5
196 5 2
196 2 1
197 14 11
197 11 8
197 8 10
197 10 1
197 1 12
197 12 4
197 4 7
197 7 5
197 5 0
198 14 1
198 1 12
198 12 0
198 0 3
198 3 8
198 8 5
198 5 6
198 6 7
198 7 2
199 0 1
199 1 9
199 9 13
199 13 6
199 6 14
199 14 4
199 4 8
199 8 7
199 7 2
200 11 12
200 12 8
200 8 1
200 1 13
200 13 10
200 10 5
200 5 6
200 6 14
200 14 3
201 7 4
201 4 2
201 2 12
201 12 13
201 13 11
201 11 1
201 1 3
201 3 14
201 14 8
202 14 9
202 9 5
202 5 0
202 0 4
202 4 8
202 8 2
202 2 12
202 12 10
202 10 11
203 11 10
203 10 0
203 0 13
203 13 2
203 2 4
203 4 12
203 12 14
203 14 6
203 6 5
204 8 2
204 2 1
204 1 12
204 12 11
204 11 6
204 6 3
204 3 7
204 7 13
204 13 4
205 13 5
205 5 1
205 1 8
205 8 3
205 3 10
205 10 9
205 9 2
205 2 14
205 14 12
206 1 0
206 0 6
206 6 11
206 11 12
206 12 8
206 8 3
206 3 7
206 7 9
206 9 5
207 10 7
207 7 6
207 6 1
207 1 3
207 3 4
207 4 8
207 8 5
207 5 2
207 2 13
208 6 12
208 12 10
208 10 11
208 11 14
208 14 4
208 4 8
208 8 0
208 0 9
208 9 1
209 3 8
209 8 10
209 10 7
209 7 12
209 12 9
209 9 1
209 1 14
209 14 0
209 0 5
210 3 11
210 11 8
210 8 4
210 4 10
210 10 9
210 9 0
210 0 14
210 14 1
210 1 6
211 1 12
211 12 13
211 13 3
211 3 10
211 10 8
211 8 5
211 5 4
211 4 11
211 11 7
212 4 2
212 2 11
212 11 3
212 3 1
212 1 6
212 6 12
212 12 13
212 13 9
212 9 5
213 13 12
213 12 2
213 2 7
213 7 6
213 6 14
213 14 3
213 3 9
213 9 1
213 1 11
214 9 8
214 8 4
214 4 10
214 10 2
214 2 3
214 3 7
214 7 11
214 11 0
214 0 6
215 9 13
215 13 0
215 0 5
215 5 12
215 12 14
215 14 11
215 11 7
215 7 4
215 4 3
216 10 9
216 9 13
216 13 0
216 0 5
216 5 6
216 6 11
216 11 12
216 12 4
216 4 1
217 1 8
217 8 12
217 12 5
217 5 3
217 3 0
217 0 11
217 11 7
217 7 2
217 2 13
218 12 13
218 13 7
218 7 10
218 10 0
218 0 1
218 1 9
218 9 8
218 8 6
218 6 2
219 2 5
219 5 13
219 13 12
219 12 11
219 11 9
219 9 10
219 10 6
219 6 14
219 14 3
220 2 4
220 4 14
220 14 3
220 3 7
220 7 9
220 9 11
220 11 10
220 10 5
220 5 8
221 9 7
221 7 14
221 14 4
221 4 8
221 8 2
221 2 11
221 11 5
221 5 1
221 1 6
222 8 14
222 14 1
222 1 4
222 4 2
222 2 11
222 11 9
222 9 5
222 5 6
222 6 10
223 11 13
223 13 1
223 1 9
223 9 6
223 6 14
223 14 10
223 10 0
223 0 5
223 5 12
224 0 8
224 8 6
224 6 1
224 1 9
224 9 13
224 13 5
224 5 3
224 3 14
224 14 12
225 0 14
225 14 5
225 5 11
225 11 3
225 3 10
225 10 13
225 13 4
225 4 12
225 12 6
226 9 12
226 12 2
226 2 10
226 10 8
226 8 0
226 0 14
226 14 6
226 6 3
226 3 5
227 7 5
227 5 6
227 6 0
227 0 4
227 4 1
227 1 8
227 8 12
227 12 10
227 10 14
228 4 6
228 6 0
228 0 12
228 12 3
228 3 9
228 9 2
228 2 13
228 13 1
228 1 11
229 7 14
229 14 0
229 0 3
229 3 12
229 12 13
229 13 2
229 2 11
229 11 9
229 9 8
230 5 4
230 4 11
230 11 10
230 10 3
230 3 14
230 14 6
230 6 9
230 9 0
230 0 12
231 2 8
231 8 5
231 5 13
231 13 4
231 4 1
231 1 12
231 12 11
231 11 6
231 6 7
232 7 11
232 11 1
232 1 5
232 5 6
232 6 14
232 14 2
232 2 10
232 10 0
232 0 13
233 11 12
233 12 3
233 3 2
233 2 0
233 0 7
233 7 1
233 1 9
233 9 13
233 13 6
234 2 7
234 7 14
234 14 0
234 0 9
234 9 3
234 3 12
234 12 10
234 10 6
234 6 8
235 11 7
235 7 8
235 8 10
235 10 6
235 6 3
235 3 1
235 1 5
235 5 2
235 2 0
236 8 3
236 3 1
236 1 4
236 4 7
236 7 12
236 12 5
236 5 2
236 2 10
236 10 9
237 1 7
237 7 10
237 10 2
237 2 4
237 4 0
237 0 8
237 8 6
237 6 12
237 12 13
238 9 14
238 14 0
238 0 13
238 13 6
238 6 1
238 1 12
238 12 8
238 8 2
238 2 10
239 4 6
239 6 10
239 10 0
239 0 8
239 8 5
239 5 11
239 11 14
239 14 12
239 12 3
240 14 13
240 13 0
240 0 2
240 2 7
240 7 5
240 5 12
240 12 1
240 1 11
240 11 3
241 6 4
241 4 11
241 11 9
241 9 14
241 14 3
241 3 5
241 5 10
241 10 7
241 7 0
242 13 5
242 5 6
242 6 0
242 0 3
242 3 1
242 1 10
242 10 7
242 7 2
242 2 11
243 9 2
243 2 12
243 12 7
243 7 13
243 13 1
243 1 14
243 14 5
243 5 11
243 11 3
244 7 2
244 2 5
244 5 10
244 10 11
244 11 14
244 14 1
244 1 8
244 8 4
244 4 6
245 6 13
245 13 8
245 8 3
245 3 10
245 10 7
245 7 11
245 11 12
245 12 2
245 2 1
246 11 13
246 13 2
246 2 10
246 10 5
246 5 6
246 6 14
246 14 12
246 12 3
246 3 8
247 10 14
247 14 12
247 12 6
247 6 0
247 0 3
247 3 1
247 1 7
247 7 11
247 11 2
248 12 3
248 3 4
248 4 7
248 7 6
248 6 8
248 8 14
248 14 1
248 1 10
248 10 5
249 8 1
249 1 9
249 9 10
249 10 6
249 6 11
249 11 2
249 2 13
249 13 14
249 14 0
250 12 9
250 9 4
250 4 2
250 2 1
250 1 8
250 8 13
250 13 5
250 5 10
250 10 6
251 8 1
251 1 6
251 6 5
251 5 11
251 11 10
251 10 4
251 4 3
251 3 14
251 14 12
252 11 12
252 12 3
252 3 1
252 1 14
252 14 0
252 0 6
252 6 7
252 7 4
252 4 9
253 11 12
253 12 4
253 4 0
253 0 3
253 3 2
253 2 9
253 9 13
253 13 10
253 10 14
254 10 11
254 11 1
254 1 2
254 2 9
254 9 7
254 7 12
254 12 14
254 14 6
254 6 0
255 13 2
255 2 4
255 4 3
255 3 5
255 5 6
255 6 0
255 0 11
255 11 10
255 10 12
256 3 12
256 12 9
256 9 0
256 0 5
256 5 6
256 6 7
256 7 2
256 2 11
256 11 13
257 7 11
257 11 3
257 3 0
257 0 2
257 2 14
257 14 8
257 8 10
257 10 5
257 5 12
258 7 4
258 4 14
258 14 5
258 5 9
258 9 13
258 13 3
258 3 11
258 11 10
258 10 6
259 2 10
259 10 12
259 12 7
259 7 13
259 13 5
259 5 9
259 9 8
259 8 14
259 14 1
260 7 4
260 4 6
260 6 11
260 11 13
260 13 12
260 12 8
260 8 0
260 0 1
260 1 9
261 13 5
261 5 14
261 14 3
261 3 2
261 2 9
261 9 4
261 4 1
261 1 6
261 6 8
262 14 6
262 6 1
262 1 0
262 0 2
262 2 12
262 12 9
262 9 13
262 13 3
262 3 5
263 3 0
263 0 8
263 8 2
263 2 11
263 11 5
263 5 14
263 14 10
263 10 13
263 13 4
264 3 2
264 2 14
264 14 7
264 7 0
264 0 11
264 11 13
264 13 10
264 10 12
264 12 6
265 11 1
265 1 8
265 8 7
265 7 9
265 9 3
265 3 13
265 13 2
265 2 6
265 6 4
266 10 13
266 13 14
266 14 5
266 5 2
266 2 0
266 0 7
266 7 12
266 12 3
266 3 11
267 11 2
267 2 3
267 3 12
267 12 1
267 1 13
267 13 6
267 6 0
267 0 8
267 8 7
268 4 6
268 6 12
268 12 11
268 11 0
268 0 5
268 5 3
268 3 10
268 10 9
268 9 14
269 0 9
269 9 14
269 14 13
269 13 8
269 8 6
269 6 10
269 10 11
269 11 7
269 7 4
270 1 6
270 6 0
270 0 9
270 9 5
270 5 13
270 13 11
270 11 3
270 3 2
270 2 4
271 12 5
271 5 2
271 2 6
271 6 8
271 8 1
271 1 3
271 3 7
271 7 14
271 14 0
272 6 11
272 11 8
272 8 4
272 4 1
272 1 5
272 5 0
272 0 9
272 9 12
272 12 13
273 9 2
273 2 1
273 1 14
273 14 3
273 3 6
273 6 12
273 12 0
273 0 4
273 4 7
274 5 7
274 7 6
274 6 8
274 8 3
274 3 12
274 12 11
274 11 2
274 2 4
274 4 0
275 0 6
275 6 12
275 12 1
275 1 10
275 10 13
275 13 14
275 14 2
275 2 4
275 4 8
276 4 10
276 10 6
276 6 3
276 3 8
276 8 14
276 14 1
276 1 12
276 12 5
276 5 13
277 5 0
277 0 14
277 14 7
277 7 1
277 1 6
277 6 13
277 13 4
277 4 11
277 11 10
278 10 11
278 11 8
278 8 4
278 4 9
278 9 7
278 7 1
278 1 14
278 14 2
278 2 5
279 0 1
279 1 6
279 6 14
279 14 10
279 10 8
279 8 13
279 13 12
279 12 7
279 7 2
280 12 5
280 5 7
280 7 4
280 4 3
280 3 14
280 14 11
280 11 1
280 1 13
280 13 10
281 0 9
281 9 11
281 11 1
281 1 5
281 5 10
281 10 7
281 7 4
281 4 12
281 12 3
282 13 1
282 1 6
282 6 3
282 3 5
282 5 11
282 11 12
282 12 0
282 0 10
282 10 7
283 8 12
283 12 7
283 7 6
283 6 14
283 14 3
283 3 10
283 10 13
283 13 9
283 9 0
284 10 6
284 6 0
284 0 1
284 1 4
284 4 13
284 13 5
284 5 14
284 14 3
284 3 11
285 9 5
285 5 1
285 1 7
285 7 14
285 14 4
285 4 13
285 13 11
285 11 12
285 12 2
286 4 5
286 5 1
286 1 2
286 2 6
286 6 11
286 11 3
286 3 9
286 9 13
286 13 0
287 5 1
287 1 10
287 10 7
287 7 12
287 12 0
287 0 11
287 11 4
287 4 2
287 2 9
288 11 4
288 4 14
288 14 0
288 0 12
288 12 13
288 13 3
288 3 10
288 10 7
288 7 5
289 2 10
289 10 3
289 3 1
289 1 9
289 9 11
289 11 6
289 6 5
289 5 4
289 4 0
290 11 10
290 10 13
290 13 6
290 6 5
290 5 14
290 14 2
290 2 1
290 1 4
290 4 9
291 4 2
291 2 0
291 0 3
291 3 12
291 12 6
291 6 13
291 13 11
291 11 8
291 8 9
292 11 4
292 4 7
292 7 13
292 13 6
292 6 10
292 10 2
292 2 5
292 5 8
292 8 0
293 0 1
293 1 14
293 14 7
293 7 12
293 12 5
293 5 4
293 4 10
293 10 3
293 3 11
294 0 3
294 3 13
294 13 14
294 14 12
294 12 8
294 8 9
294 9 5
294 5 1
294 1 10
295 1 10
295 10 2
295 2 6
295 6 4
295 4 3
295 3 9
295 9 0
295 0 7
295 7 14
296 5 11
296 11 9
296 9 4
296 4 13
296 13 1
296 1 14
296 14 0
296 0 8
296 8 2
297 11 12
297 12 3
297 3 14
297 14 6
297 6 10
297 10 1
297 1 7
297 7 9
297 9 13
298 3 10
298 10 7
298 7 13
298 13 6
298 6 11
298 11 0
298 0 1
298 1 12
298 12 2
299 8 10
299 10 2
299 2 5
299 5 3
299 3 7
299 7 11
299 11 14
299 14 12
299 12 6
300 13 2
300 2 7
300 7 4
300 4 3
300 3 6
300 6 0
300 0 11
300 11 12
300 12 9
301 8 4
301 4 1
301 1 2
301 2 6
301 6 14
301 14 11
301 11 0
301 0 3
301 3 12
302 12 14
302 14 5
302 5 13
302 13 0
302 0 6
302 6 7
302 7 1
302 1 10
302 10 11
303 6 5
303 5 3
303 3 9
303 9 1
303 1 4
303 4 7
303 7 2
303 2 11
303 11 14
304 12 5
304 5 9
304 9 13
304 13 1
304 1 7
304 7 3
304 3 2
304 2 11
304 11 8
305 11 2
305 2 10
305 10 12
305 12 13
305 13 7
305 7 14
305 14 1
305 1 5
305 5 0
306 13 0
306 0 1
306 1 8
306 8 2
306 2 6
306 6 14
306 14 3
306 3 12
306 12 9
307 11 6
307 6 2
307 2 8
307 8 14
307 14 5
307 5 12
307 12 10
307 10 13
307 13 7
308 8 1
308 1 12
308 12 6
308 6 5
308 5 9
308 9 3
308 3 10
308 10 14
308 14 0
309 9 4
309 4 7
309 7 14
309 14 12
309 12 0
309 0 8
309 8 3
309 3 2
309 2 5
310 12 11
310 11 0
310 0 14
310 14 6
310 6 4
310 4 13
310 13 8
310 8 9
310 9 5
311 0 8
311 8 13
311 13 1
311 1 12
311 12 2
311 2 10
311 10 11
311 11 9
311 9 3
312 11 3
312 3 1
312 1 14
312 14 2
312 2 0
312 0 8
312 8 12
312 12 4
312 4 10
313 0 9
313 9 13
313 13 3
313 3 6
313 6 4
313 4 8
313 8 5
313 5 12
313 12 1
314 3 13
314 13 2
314 2 0
314 0 10
314 10 1
314 1 5
314 5 8
314 8 7
314 7 9
315 1 6
315 6 14
315 14 3
315 3 11
315 11 4
315 4 10
315 10 0
315 0 2
315 2 5
316 3 2
316 2 7
316 7 10
316 10 14
316 14 0
316 0 8
316 8 1
316 1 6
316 6 12
317 5 2
317 2 4
317 4 14
317 14 7
317 7 1
317 1 13
317 13 8
317 8 11
317 11 12
318 4 11
318 11 2
318 2 12
318 12 1
318 1 14
318 14 10
318 10 5
318 5 0
318 0 6
319 6 3
319 3 12
319 12 13
319 13 8
319 8 7
319 7 9
319 9 10
319 10 14
319 14 2
320 13 14
320 14 12
320 12 4
320 4 11
320 11 2
320 2 1
320 1 9
320 9 0
320 0 7
321 11 1
321 1 4
321 4 0
321 0 9
321 9 13
321 13 14
321 14 3
321 3 7
321 7 6
322 0 8
322 8 11
322 11 5
322 5 6
322 6 2
322 2 14
322 14 3
322 3 7
322 7 13
323 13 11
323 11 8
323 8 5
323 5 9
323 9 6
323 6 10
323 10 0
323 0 2
323 2 1
324 3 9
324 9 0
324 0 7
324 7 1
324 1 14
324 14 2
324 2 8
324 8 12
324 12 6
325 3 0
325 0 9
325 9 11
325 11 10
325 10 2
325 2 6
325 6 12
325 12 13
325 13 14
326 11 12
326 12 4
326 4 6
326 6 13
326 13 2
326 2 14
326 14 9
326 9 3
326 3 10
327 6 14
327 14 7
327 7 0
327 0 9
327 9 8
327 8 12
327 12 1
327 1 10
327 10 3
328 7 11
328 11 12
328 12 5
328 5 2
328 2 8
328 8 4
328 4 3
328 3 14
328 14 0
329 1 4
329 4 0
329 0 6
329 6 8
329 8 5
329 5 13
329 13 12
329 12 14
329 14 2
330 7 12
330 12 13
330 13 6
330 6 2
330 2 14
330 14 9
330 9 11
330 11 0
330 0 5
331 10 12
331 12 6
331 6 7
331 7 13
331 13 9
331 9 4
331 4 2
331 2 3
331 3 14
332 5 8
332 8 1
332 1 3
332 3 10
332 10 4
332 4 9
332 9 14
332 14 13
332 13 0
333 7 2
333 2 3
333 3 9
333 9 14
333 14 13
333 13 4
333 4 11
333 11 10
333 10 1
334 9 12
334 12 1
334 1 6
334 6 13
334 13 5
334 5 10
334 10 8
334 8 11
334 11 3
335 12 5
335 5 4
335 4 2
335 2 3
335 3 1
335 1 8
335 8 14
335 14 10
335 10 0
336 5 3
336 3 8
336 8 9
336 9 10
336 10 0
336 0 4
336 4 7
336 7 6
336 6 12
337 1 6
337 6 3
337 3 8
337 8 4
337 4 14
337 14 5
337 5 7
337 7 2
337 2 9
338 14 5
338 5 9
338 9 10
338 10 0
338 0 8
338 8 11
338 11 7
338 7 12
338 12 13
339 8 14
339 14 10
339 10 6
339 6 7
339 7 3
339 3 2
339 2 4
339 4 12
339 12 9
340 11 1
340 1 3
340 3 9
340 9 6
340 6 5
340 5 0
340 0 8
340 8 4
340 4 14
341 13 2
341 2 0
341 0 10
341 10 8
341 8 11
341 11 1
341 1 9
341 9 12
341 12 14
342 7 6
342 6 0
342 0 13
342 13 11
342 11 3
342 3 10
342 10 14
342 14 5
342 5 9
343 7 6
343 6 11
343 11 0
343 0 5
343 5 4
343 4 10
343 10 13
343 13 2
343 2 12
344 11 9
344 9 0
344 0 8
344 8 14
344 14 10
344 10 7
344 7 12
344 12 3
344 3 5
345 14 0
345 0 8
345 8 10
345 10 1
345 1 4
345 4 2
345 2 6
345 6 13
345 13 7
346 6 14
346 14 1
346 1 11
346 11 5
346 5 2
346 2 10
346 10 0
346 0 9
346 9 13
347 7 4
347 4 13
347 13 10
347 10 14
347 14 0
347 0 8
347 8 12
347 12 2
347 2 6
348 14 10
348 10 8
348 8 2
348 2 6
348 6 13
348 13 0
348 0 5
348 5 4
348 4 11
349 1 7
349 7 9
349 9 13
349 13 6
349 6 2
349 2 14
349 14 5
349 5 3
349 3 12
350 8 13
350 13 10
350 10 14
350 14 9
350 9 12
350 12 2
350 2 7
350 7 11
350 11 6
351 3 10
351 10 11
351 11 4
351 4 5
351 5 7
351 7 1
351 1 6
351 6 0
351 0 12
352 2 8
352 8 0
352 0 5
352 5 1
352 1 10
352 10 6
352 6 11
352 11 13
352 13 7
353 12 5
353 5 11
353 11 14
353 14 0
353 0 6
353 6 1
353 1 4
353 4 3
353 3 7
354 3 0
354 0 14
354 14 7
354 7 11
354 11 13
354 13 4
354 4 1
354 1 5
354 5 12
355 1 11
355 11 3
355 3 14
355 14 13
355 13 9
355 9 7
355 7 12
355 12 0
355 0 5
356 11 12
356 12 9
356 9 4
356 4 7
356 7 10
356 10 13
356 13 8
356 8 0
356 0 1
357 13 3
357 3 9
357 9 1
357 1 0
357 0 5
357 5 12
357 12 14
357 14 6
357 6 7
358 7 4
358 4 14
358 14 2
358 2 13
358 13 6
358 6 0
358 0 3
358 3 11
358 11 1
359 12 1
359 1 6
359 6 0
359 0 7
359 7 5
359 5 3
359 3 11
359 11 8
359 8 14
360 7 13
360 13 2
360 2 0
360 0 14
360 14 5
360 5 11
360 11 10
360 10 12
360 12 6
361 8 5
361 5 11
361 11 14
361 14 6
361 6 12
361 12 4
361 4 3
361 3 0
361 0 13
362 7 0
362 0 5
362 5 9
362 9 2
362 2 11
362 11 13
362 13 12
362 12 6
362 6 10
363 7 0
363 0 11
363 11 1
363 1 3
363 3 10
363 10 5
363 5 4
363 4 2
363 2 8
364 7 13
364 13 9
364 9 6
364 6 5
364 5 8
364 8 1
364 1 10
364 10 4
364 4 12
365 10 8
365 8 4
365 4 9
365 9 3
365 3 1
365 1 0
365 0 7
365 7 11
365 11 5
366 5 11
366 11 13
366 13 12
366 12 3
366 3 8
366 8 4
366 4 14
366 14 0
366 0 9
367 8 13
367 13 9
367 9 12
367 12 10
367 10 5
367 5 7
367 7 4
367 4 2
367 2 6
368 14 0
368 0 6
368 6 4
368 4 5
368 5 3
368 3 13
368 13 12
368 12 2
368 2 10
369 14 12
369 12 8
369 8 7
369 7 3
369 3 13
369 13 11
369 11 10
369 10 6
369 6 5
370 7 12
370 12 3
370 3 13
370 13 1
370 1 11
370 11 10
370 10 6
370 6 14
370 14 9
371 12 13
371 13 3
371 3 9
371 9 4
371 4 14
371 14 6
371 6 8
371 8 5
371 5 0
372 2 11
372 11 5
372 5 7
372 7 12
372 12 0
372 0 10
372 10 9
372 9 3
372 3 13
373 3 8
373 8 11
373 11 14
373 14 13
373 13 1
373 1 5
373 5 9
373 9 12
373 12 0
374 10 7
374 7 6
374 6 13
374 13 0
374 0 11
374 11 14
374 14 5
374 5 9
374 9 3
375 14 5
375 5 8
375 8 12
375 12 10
375 10 7
375 7 0
375 0 2
375 2 6
375 6 3
376 9 1
376 1 8
376 8 5
376 5 14
376 14 12
376 12 2
376 2 3
376 3 10
376 10 13
377 12 9
377 9 3
377 3 7
377 7 4
377 4 13
377 13 14
377 14 6
377 6 5
377 5 11
378 5 7
378 7 10
378 10 12
378 12 4
378 4 9
378 9 1
378 1 3
378 3 11
378 11 8
379 4 12
379 12 0
379 0 9
379 9 14
379 14 13
379 13 11
379 11 3
379 3 7
379 7 5
380 11 1
380 1 2
380 2 5
380 5 12
380 12 4
380 4 3
380 3 0
380 0 6
380 6 7
381 3 1
381 1 12
381 12 11
381 11 7
381 7 6
381 6 4
381 4 9
381 9 10
381 10 5
382 4 10
382 10 13
382 13 11
382 11 5
382 5 2
382 2 8
382 8 9
382 9 12
382 12 7
383 10 3
383 3 1
383 1 14
383 14 6
383 6 12
383 12 5
383 5 2
383 2 7
383 7 9
384 10 12
384 12 3
384 3 5
384 5 14
384 14 0
384 0 13
384 13 11
384 11 1
384 1 8
385 11 13
385 13 6
385 6 0
385 0 2
385 2 3
385 3 5
385 5 12
385 12 4
385 4 7
386 3 1
386 1 0
386 0 8
386 8 12
386 12 11
386 11 9
386 9 6
386 6 10
386 10 2
387 5 3
387 3 8
387 8 12
387 12 9
387 9 14
387 14 11
387 11 13
387 13 7
387 7 6
388 1 12
388 12 3
388 3 11
388 11 4
388 4 14
388 14 5
388 5 7
388 7 6
388 6 10
389 14 13
389 13 6
389 6 2
389 2 1
389 1 7
389 7 12
389 12 10
389 10 8
389 8 4
390 10 12
390 12 11
390 11 0
390 0 1
390 1 5
390 5 14
390 14 13
390 13 9
390 9 7
391 12 0
391 0 11
391 11 3
391 3 6
391 6 10
391 10 8
391 8 7
391 7 1
391 1 13
392 4 13
392 13 8
392 8 0
392 0 14
392 14 7
392 7 11
392 11 1
392 1 12
392 12 10
393 0 14
393 14 11
393 11 9
393 9 4
393 4 6
393 6 2
393 2 5
393 5 12
393 12 8
394 6 3
394 3 7
394 7 10
394 10 5
394 5 1
394 1 2
394 2 12
394 12 0
394 0 13
395 14 6
395 6 5
395 5 2
395 2 10
395 10 3
395 3 9
395 9 8
395 8 13
395 13 12
396 6 1
396 1 9
396 9 5
396 5 10
396 10 2
396 2 14
396 14 13
396 13 8
396 8 3
397 0 9
397 9 7
397 7 10
397 10 2
397 2 6
397 6 8
397 8 14
397 14 5
397 5 11
398 11 14
398 14 2
398 2 9
398 9 4
398 4 13
398 13 7
398 7 12
398 12 5
398 5 1
399 11 6
399 6 1
399 1 9
399 9 10
399 10 13
399 13 5
399 5 4
399 4 14
399 14 2
400 1 9
400 9 7
400 7 2
400 2 13
400 13 10
400 10 5
400 5 14
400 14 3
400 3 4
401 9 10
401 10 8
401 8 14
401 14 7
401 7 12
401 12 6
401 6 11
401 11 13
401 13 3
402 2 8
402 8 14
402 14 6
402 6 0
402 0 4
402 4 1
402 1 12
402 12 7
402 7 3
403 7 14
403 14 5
403 5 3
403 3 8
403 8 11
403 11 12
403 12 1
403 1 4
403 4 2
404 13 5
404 5 12
404 12 4
404 4 3
404 3 2
404 2 11
404 11 6
404 6 8
404 8 0
405 12 13
405 13 14
405 14 6
405 6 8
405 8 4
405 4 11
405 11 7
405 7 2
405 2 0
406 14 2
406 2 8
406 8 12
406 12 13
406 13 0
406 0 10
406 10 11
406 11 9
406 9 6
407 4 2
407 2 7
407 7 9
407 9 11
407 11 14
407 14 3
407 3 8
407 8 12
407 12 1
408 14 9
408 9 1
408 1 8
408 8 3
408 3 5
408 5 2
408 2 0
408 0 7
408 7 6
409 1 13
409 13 2
409 2 5
409 5 3
409 3 9
409 9 4
409 4 12
409 12 11
409 11 14
410 0 11
410 11 14
410 14 1
410 1 13
410 13 6
410 6 12
410 12 5
410 5 2
410 2 7
411 1 14
411 14 5
411 5 12
411 12 4
411 4 2
411 2 0
411 0 7
411 7 8
411 8 9
412 1 10
412 10 5
412 5 4
412 4 9
412 9 12
412 12 3
412 3 2
412 2 0
412 0 6
413 10 6
413 6 0
413 0 3
413 3 5
413 5 12
413 12 13
413 13 4
413 4 1
413 1 8
414 7 10
414 10 13
414 13 2
414 2 1
414 1 0
414 0 5
414 5 12
414 12 9
414 9 6
415 12 14
415 14 5
415 5 3
415 3 6
415 6 0
415 0 9
415 9 2
415 2 7
415 7 13
416 10 8
416 8 6
416 6 3
416 3 5
416 5 11
416 11 7
416 7 9
416 9 0
416 0 12
417 14 11
417 11 2
417 2 9
417 9 12
417 12 1
417 1 6
417 6 3
417 3 10
417 10 7
418 1 9
418 9 4
418 4 14
418 14 12
418 12 7
418 7 6
418 6 8
418 8 10
418 10 5
419 10 0
419 0 11
419 11 6
419 6 9
419 9 1
419 1 3
419 3 4
419 4 14
419 14 5
420 4 11
420 11 0
420 0 10
420 10 12
420 12 14
420 14 1
420 1 7
420 7 3
420 3 5
421 10 0
421 0 6
421 6 8
421 8 14
421 14 11
421 11 7
421 7 9
421 9 2
421 2 13
422 9 11
422 11 2
422 2 4
422 4 7
422 7 13
422 13 8
422 8 14
422 14 6
422 6 12
423 2 13
423 13 4
423 4 3
423 3 0
423 0 14
423 14 8
423 8 9
423 9 12
423 12 11
424 2 11
424 11 5
424 5 6
424 6 4
424 4 8
424 8 14
424 14 1
424 1 7
424 7 3
425 11 8
425 8 6
425 6 5
425 5 3
425 3 10
425 10 12
425 12 13
425 13 7
425 7 2
426 6 4
426 4 12
426 12 1
426 1 14
426 14 9
426 9 10
426 10 7
426 7 13
426 13 3
427 0 8
427 8 1
427 1 13
427 13 14
427 14 3
427 3 7
427 7 4
427 4 9
427 9 11
428 6 11
428 11 10
428 10 2
428 2 14
428 14 12
428 12 5
428 5 7
428 7 1
428 1 8
429 2 9
429 9 1
429 1 13
429 13 4
429 4 14
429 14 5
429 5 6
429 6 0
429 0 3
430 4 1
430 1 14
430 14 7
430 7 12
430 12 6
430 6 10
430 10 0
430 0 13
430 13 8
431 1 10
431 10 11
431 11 3
431 3 13
431 13 14
431 14 6
431 6 2
431 2 7
431 7 8
432 10 14
432 14 8
432 8 13
432 13 3
432 3 12
432 12 7
432 7 0
432 0 9
432 9 6
433 11 4
433 4 1
433 1 5
433 5 14
433 14 7
433 7 3
433 3 2
433 2 10
433 10 6
434 14 1
434 1 5
434 5 10
434 10 0
434 0 2
434 2 11
434 11 6
434 6 4
434 4 7
435 6 14
435 14 8
435 8 2
435 2 0
435 0 1
435 1 10
435 10 7
435 7 11
435 11 4
436 3 12
436 12 6
436 6 14
436 14 2
436 2 5
436 5 8
436 8 0
436 0 1
436 1 10
437 14 12
437 12 11
437 11 9
437 9 10
437 10 3
437 3 8
437 8 13
437 13 5
437 5 2
438 0 12
438 12 8
438 8 10
438 10 6
438 6 5
438 5 14
438 14 1
438 1 3
438 3 2
439 4 10
439 10 13
439 13 5
439 5 2
439 2 14
439 14 11
439 11 6
439 6 1
439 1 7
440 6 8
440 8 4
440 4 3
440 3 12
440 12 7
440 7 2
440 2 1
440 1 5
440 5 10
441 9 3
441 3 13
441 13 14
441 14 1
441 1 8
441 8 6
441 6 7
441 7 12
441 12 0
442 12 2
442 2 1
442 1 0
442 0 14
442 14 10
442 10 3
442 3 8
442 8 11
442 11 4
443 4 11
443 11 14
443 14 2
443 2 3
443 3 0
443 0 6
443 6 13
443 13 12
443 12 5
444 11 4
444 4 8
444 8 1
444 1 5
444 5 6
444 6 3
444 3 9
444 9 7
444 7 12
445 2 9
445 9 13
445 13 14
445 14 6
445 6 12
445 12 3
445 3 1
445 1 0
445 0 5
446 6 11
446 11 14
446 14 1
446 1 5
446 5 7
446 7 9
446 9 4
446 4 8
446 8 10
447 12 11
447 11 14
447 14 5
447 5 7
447 7 4
447 4 2
447 2 3
447 3 0
447 0 6
448 3 12
448 12 13
448 13 6
448 6 0
448 0 4
448 4 2
448 2 1
448 1 11
448 11 10
449 12 11
449 11 10
449 10 4
449 4 5
449 5 7
449 7 1
449 1 9
449 9 3
449 3 2
450 6 1
450 1 11
450 11 9
450 9 12
450 12 10
450 10 5
450 5 2
450 2 14
450 14 3
451 4 14
451 14 12
451 12 10
451 10 11
451 11 3
451 3 0
451 0 9
451 9 13
451 13 2
452 6 12
452 12 3
452 3 11
452 11 2
452 2 4
452 4 0
452 0 9
452 9 5
452 5 1
453 0 12
453 12 8
453 8 6
453 6 4
453 4 1
453 1 10
453 10 7
453 7 2
453 2 3
454 3 11
454 11 10
454 10 1
454 1 14
454 14 5
454 5 8
454 8 6
454 6 9
454 9 12
455 6 0
455 0 10
455 10 12
455 12 9
455 9 11
455 11 3
455 3 7
455 7 5
455 5 13
456 11 14
456 14 9
456 9 7
456 7 6
456 6 5
456 5 10
456 10 1
456 1 0
456 0 3
457 0 7
457 7 6
457 6 1
457 1 14
457 14 10
457 10 9
457 9 3
457 3 8
457 8 13
458 6 4
458 4 3
458 3 8
458 8 14
458 14 12
458 12 10
458 10 0
458 0 9
458 9 7
459 8 14
459 14 12
459 12 2
459 2 1
459 1 6
459 6 13
459 13 3
459 3 10
459 10 5
460 13 8
460 8 9
460 9 3
460 3 11
460 11 1
460 1 5
460 5 12
460 12 10
460 10 7
461 11 5
461 5 7
461 7 3
461 3 8
461 8 4
461 4 14
461 14 12
461 12 1
461 1 13
462 7 6
462 6 1
462 1 0
462 0 8
462 8 3
462 3 14
462 14 12
462 12 5
462 5 4
463 7 0
463 0 5
463 5 13
463 13 14
463 14 2
463 2 4
463 4 11
463 11 9
463 9 10
464 11 14
464 14 12
464 12 2
464 2 3
464 3 9
464 9 10
464 10 8
464 8 0
464 0 7
465 0 4
465 4 8
465 8 2
465 2 10
465 10 3
465 3 13
465 13 12
465 12 9
465 9 14
466 14 10
466 10 8
466 8 5
466 5 11
466 11 2
466 2 1
466 1 12
466 12 13
466 13 0
467 2 1
467 1 11
467 11 5
467 5 10
467 10 4
467 4 0
467 0 3
467 3 8
467 8 14
468 3 5
468 5 6
468 6 14
468 14 1
468 1 10
468 10 2
468 2 4
468 4 12
468 12 0
469 11 4
469 4 0
469 0 9
469 9 6
469 6 14
469 14 10
469 10 8
469 8 12
469 12 13
470 12 3
470 3 0
470 0 10
470 10 8
470 8 11
470 11 5
470 5 9
470 9 1
470 1 7
471 14 0
471 0 2
471 2 8
471 8 12
471 12 1
471 1 7
471 7 10
471 10 5
471 5 13
472 0 8
472 8 10
472 10 12
472 12 14
472 14 5
472 5 1
472 1 11
472 11 13
472 13 6
473 13 3
473 3 11
473 11 10
473 10 14
473 14 7
473 7 9
473 9 6
473 6 0
473 0 2
474 8 7
474 7 14
474 14 5
474 5 13
474 13 2
474 2 11
474 11 12
474 12 0
474 0 9
475 8 2
475 2 14
475 14 12
475 12 10
475 10 5
475 5 6
475 6 13
475 13 3
475 3 1
476 14 0
476 0 11
476 11 7
476 7 2
476 2 5
476 5 9
476 9 1
476 1 6
476 6 8
477 10 0
477 0 4
477 4 12
477 12 14
477 14 8
477 8 2
477 2 1
477 1 3
477 3 7
478 0 8
478 8 5
478 5 13
478 13 7
478 7 3
478 3 10
478 10 9
478 9 6
478 6 11
479 8 3
479 3 14
479 14 9
479 9 11
479 11 1
479 1 13
479 13 6
479 6 5
479 5 12
480 7 0
480 0 3
480 3 1
480 1 8
480 8 5
480 5 9
480 9 4
480 4 10
480 10 6
481 9 7
481 7 1
481 1 4
481 4 11
481 11 14
481 14 2
481 2 12
481 12 8
481 8 5
482 6 1
482 1 2
482 2 8
482 8 4
482 4 3
482 3 0
482 0 11
482 11 12
482 12 13
483 1 6
483 6 14
483 14 12
483 12 11
483 11 13
483 13 3
483 3 10
483 10 5
483 5 7
484 6 5
484 5 0
484 0 10
484 10 3
484 3 2
484 2 11
484 11 4
484 4 12
484 12 7
485 8 7
485 7 9
485 9 12
485 12 4
485 4 14
485 14 10
485 10 3
485 3 11
485 11 6
486 12 0
486 0 10
486 10 2
486 2 9
486 9 1
486 1 4
486 4 5
486 5 6
486 6 11
487 10 1
487 1 2
487 2 3
487 3 8
487 8 14
487 14 4
487 4 6
487 6 13
487 13 5
488 13 7
488 7 12
488 12 11
488 11 8
488 8 1
488 1 14
488 14 0
488 0 4
488 4 2
489 9 10
489 10 1
489 1 4
489 4 2
489 2 11
489 11 6
489 6 5
489 5 14
489 14 7
490 11 0
490 0 13
490 13 7
490 7 6
490 6 1
490 1 5
490 5 10
490 10 3
490 3 9
491 2 14
491 14 12
491 12 4
491 4 6
491 6 9
491 9 0
491 0 1
491 1 5
491 5 13
492 0 9
492 9 1
492 1 4
492 4 13
492 13 11
492 11 8
492 8 5
492 5 10
492 10 14
493 13 8
493 8 12
493 12 14
493 14 11
493 11 2
493 2 10
493 10 3
493 3 7
493 7 4
494 7 11
494 11 5
494 5 10
494 10 8
494 8 13
494 13 2
494 2 14
494 14 12
494 12 4
495 5 14
495 14 2
495 2 1
495 1 11
495 11 13
495 13 6
495 6 12
495 12 0
495 0 9
496 8 10
496 10 4
496 4 3
496 3 13
496 13 0
496 0 6
496 6 11
496 11 2
496 2 5
497 13 5
497 5 11
497 11 4
497 4 9
497 9 14
497 14 12
497 12 1
497 1 10
497 10 6
498 5 0
498 0 9
498 9 6
498 6 11
498 11 7
498 7 10
498 10 13
498 13 14
498 14 8
499 5 14
499 14 7
499 7 12
499 12 8
499 8 13
499 13 11
499 11 4
499 4 2
499 2 6
