0 1 43
0 43 99
0 43 145
0 145 46
0 145 102
0 102 116
0 102 8
0 8 45
0 45 56
0 56 11
0 11 68
0 68 27
0 27 127
0 27 121
0 127 67
0 67 125
0 67 96
0 96 23
0 23 32
0 32 48
0 32 86
0 86 113
0 86 9
0 9 123
0 123 31
0 123 19
0 19 28
0 28 90
0 90 137
0 90 110
0 110 58
0 58 117
0 58 52
0 52 3
0 52 24
0 3 81
0 81 71
0 71 95
0 71 40
0 95 77
0 95 130
0 130 108
0 108 36
0 36 61
0 61 66
0 66 75
0 75 35
0 75 112
0 112 105
0 112 69
0 69 88
0 69 78
0 78 100
0 78 148
0 100 85
0 100 126
0 85 73
0 73 98
0 98 29
0 98 142
0 142 74
0 74 14
0 74 15
0 14 120
0 120 62
0 120 16
0 62 22
0 62 39
0 22 64
0 22 124
0 124 72
0 124 136
0 72 139
0 139 7
0 139 114
0 7 111
0 111 103
0 111 51
0 51 149
0 51 76
0 76 89
0 76 119
0 119 55
0 119 41
0 55 50
0 55 91
0 50 20
0 20 49
0 20 53
0 49 146
0 49 118
0 118 5
0 5 21
0 5 104
0 104 143
0 104 79
0 143 12
0 12 10
1 16 81
1 81 53
1 81 31
1 53 70
1 70 129
1 129 106
1 106 114
1 106 144
1 114 64
1 64 94
1 94 134
1 94 51
1 134 146
1 146 102
1 146 72
1 102 45
1 45 138
1 138 46
1 46 44
1 46 100
1 100 4
1 4 52
1 52 91
1 91 141
1 91 108
1 108 18
1 18 3
1 18 111
1 111 123
1 111 22
1 123 120
1 123 34
1 34 113
1 113 42
1 113 79
1 42 68
1 68 0
1 68 1
1 1 121
1 1 66
1 121 105
1 105 73
1 105 9
1 9 90
1 9 58
1 90 69
1 69 55
1 55 103
1 55 88
1 103 5
1 103 98
1 5 10
1 5 136
1 10 124
1 10 119
1 119 50
1 119 48
1 50 38
1 38 92
1 38 96
1 96 83
1 96 131
1 83 109
1 83 17
1 109 39
1 39 122
1 39 7
1 122 139
1 139 24
1 24 118
1 24 59
1 118 30
1 30 78
1 78 40
1 40 57
1 57 132
1 132 140
1 140 74
1 140 115
1 74 137
1 74 25
1 137 8
1 137 61
1 61 14
1 61 107
1 14 130
1 14 86
1 86 6
1 6 128
1 6 20
1 128 85
1 128 126
1 126 116
1 126 12
1 116 127
1 116 82
1 82 117
1 82 143
2 82 19
2 82 5
2 5 139
2 5 65
2 139 133
2 139 81
2 133 71
2 133 59
2 71 136
2 136 45
2 45 96
2 45 115
2 115 29
2 29 28
2 28 104
2 28 135
2 104 31
2 31 110
2 110 40
2 110 148
2 148 36
2 148 69
2 69 107
2 69 130
2 130 109
2 130 44
2 109 105
2 109 25
2 25 48
2 25 73
2 73 47
2 73 3
2 3 123
2 123 53
2 123 97
2 53 128
2 128 52
2 52 23
2 52 149
2 149 120
2 149 16
2 16 26
2 16 112
2 26 147
2 26 42
2 147 9
2 9 60
2 60 138
2 60 33
2 33 57
2 33 32
2 57 46
2 46 55
2 55 24
2 55 143
2 24 124
2 24 76
2 76 21
2 76 116
2 21 93
2 93 43
2 43 125
2 43 113
2 125 2
2 125 131
2 2 8
2 2 14
2 14 61
2 61 63
2 61 126
2 63 49
2 49 90
2 49 119
2 90 34
2 90 118
2 34 58
2 34 141
2 141 41
2 41 137
2 41 108
2 108 100
2 108 22
2 100 37
2 100 68
2 37 86
2 37 83
2 86 56
2 86 85
2 56 75
2 75 89
2 75 146
2 146 117
2 146 98
2 98 39
2 98 95
2 39 106
2 39 94
2 106 6
3 9 54
3 54 116
3 116 5
3 5 142
3 142 24
3 142 124
3 124 88
3 88 86
3 88 127
3 127 35
3 35 140
3 35 56
3 56 97
3 56 123
3 97 62
3 62 26
3 26 84
3 84 37
3 37 74
3 74 131
3 131 149
3 149 42
3 42 38
3 42 96
3 96 68
3 68 51
3 68 53
3 51 66
3 51 100
3 100 64
3 64 110
3 64 91
3 91 77
3 91 129
3 77 79
3 77 80
3 80 133
3 133 117
3 117 40
3 40 103
3 103 14
3 14 15
3 15 98
3 98 2
3 98 12
3 12 148
3 148 75
3 148 90
3 75 10
3 75 145
3 10 130
3 130 146
3 146 0
3 0 87
3 0 95
3 87 78
3 78 102
3 102 17
3 17 108
3 108 92
3 108 105
3 105 7
3 105 19
3 7 143
3 7 52
3 52 43
3 43 122
3 122 47
3 47 139
3 47 11
3 11 44
3 11 45
3 44 76
3 76 94
3 94 89
3 94 65
3 89 32
3 89 107
3 32 50
3 50 46
3 50 60
3 60 106
3 60 39
3 39 101
3 101 81
3 81 104
3 104 136
3 104 36
3 136 67
3 67 134
3 67 3
3 3 93
3 93 41
3 41 57
3 41 126
3 57 30
3 57 128
3 128 132
4 7 149
4 7 94
4 149 93
4 149 45
4 93 148
4 93 53
4 148 78
4 148 3
4 3 12
4 3 133
4 133 58
4 58 139
4 139 24
4 139 82
4 82 18
4 18 44
4 44 46
4 44 92
4 92 110
4 110 49
4 110 51
4 49 38
4 49 75
4 75 15
4 75 73
4 73 119
4 119 83
4 119 23
4 83 34
4 83 47
4 47 6
4 6 20
4 6 114
4 114 141
4 141 0
4 141 4
4 0 65
4 0 50
4 50 52
4 52 61
4 52 100
4 61 109
4 109 41
4 109 26
4 26 123
4 26 121
4 123 115
4 115 28
4 115 62
4 28 118
4 118 112
4 118 89
4 112 85
4 112 105
4 105 116
4 116 126
4 116 9
4 9 102
4 9 111
4 111 1
4 111 70
4 1 66
4 1 54
4 54 146
4 54 71
4 71 86
4 86 80
4 80 36
4 80 145
4 36 32
4 32 143
4 143 113
4 143 84
4 84 137
4 137 130
4 137 39
4 39 42
4 39 30
4 30 76
4 76 107
4 107 81
4 107 147
4 81 29
4 29 33
4 33 40
4 33 79
4 79 19
4 19 10
4 19 134
4 134 2
4 2 8
4 2 124
4 124 25
4 25 88
4 88 37
4 37 104
4 104 60
4 60 27
5 130 138
5 130 15
5 138 136
5 136 71
5 136 96
5 96 125
5 96 9
5 125 132
5 125 69
5 132 35
5 132 67
5 35 45
5 35 2
5 45 103
5 103 117
5 103 28
5 28 61
5 28 91
5 91 27
5 27 24
5 24 21
5 24 12
5 12 46
5 12 139
5 139 127
5 139 29
5 29 126
5 29 57
5 57 37
5 57 62
5 37 89
5 37 7
5 7 19
5 7 65
5 65 51
5 65 115
5 115 44
5 115 120
5 120 20
5 120 106
5 106 30
5 30 102
5 30 78
5 102 111
5 111 83
5 111 97
5 97 4
5 4 42
5 4 129
5 42 64
5 42 74
5 74 34
5 74 121
5 34 47
5 47 0
5 47 87
5 0 93
5 93 149
5 149 79
5 149 31
5 79 56
5 79 72
5 72 33
5 72 23
5 33 137
5 33 98
5 98 38
5 98 113
5 38 142
5 38 108
5 142 128
5 142 59
5 59 70
5 59 143
5 70 134
5 70 100
5 134 104
5 134 36
5 36 124
5 36 81
5 124 123
5 124 13
5 123 147
5 123 85
5 147 32
5 147 22
5 22 140
5 140 145
5 140 10
5 10 68
5 68 58
5 68 90
5 90 41
5 90 107
5 107 148
5 107 5
5 5 50
5 5 25
6 21 102
6 102 144
6 144 93
6 144 105
6 105 136
6 105 3
6 136 6
6 6 67
6 67 91
6 67 117
6 91 148
6 91 51
6 148 72
6 148 83
6 83 122
6 122 17
6 122 134
6 17 20
6 20 47
6 47 57
6 57 0
6 57 39
6 0 64
6 64 110
6 110 42
6 42 101
6 42 12
6 101 121
6 121 27
6 27 8
6 8 89
6 89 29
6 29 120
6 29 56
6 56 49
6 49 119
6 49 9
6 9 86
6 9 74
6 86 13
6 86 132
6 132 81
6 81 103
6 103 141
6 103 145
6 141 75
6 75 33
6 33 35
6 33 88
6 35 104
6 35 87
6 87 131
6 87 48
6 48 98
6 98 147
6 147 112
6 147 34
6 34 137
6 137 99
6 99 125
6 125 133
6 133 85
6 85 94
6 94 129
6 129 140
6 140 111
6 111 68
6 111 63
6 68 130
6 68 92
6 92 44
6 92 146
6 146 55
6 55 15
6 15 7
6 15 84
6 7 50
6 7 54
6 54 1
6 1 97
6 97 127
6 97 66
6 66 100
6 100 28
6 100 32
6 28 25
6 28 2
6 2 36
6 2 60
6 60 65
6 60 43
6 65 149
6 149 16
6 16 138
6 138 107
6 138 61
6 61 77
6 77 128
7 116 132
7 116 53
7 132 46
7 46 109
7 46 21
7 21 51
7 21 0
7 51 88
7 51 114
7 114 126
7 126 146
7 146 141
7 146 34
7 34 26
7 26 81
7 81 62
7 81 9
7 62 60
7 60 40
7 40 106
7 40 95
7 106 47
7 47 35
7 35 38
7 35 89
7 38 93
7 93 129
7 129 111
7 129 90
7 90 67
7 90 42
7 67 149
7 67 41
7 41 124
7 41 96
7 96 108
7 96 112
7 112 65
7 65 74
7 65 128
7 128 8
7 8 76
7 76 118
7 118 138
7 118 87
7 138 55
7 138 113
7 113 115
7 115 2
7 2 140
7 140 50
7 140 79
7 79 83
7 79 86
7 83 122
7 83 14
7 122 57
7 57 85
7 57 142
7 85 36
7 85 134
7 36 84
7 84 97
7 84 49
7 49 104
7 49 64
7 104 78
7 78 54
7 78 1
7 54 125
7 54 37
7 37 145
7 37 66
7 66 69
7 69 68
7 68 29
7 68 127
7 127 28
7 28 61
7 28 103
7 103 143
7 143 117
7 117 20
7 20 101
7 101 73
7 101 45
7 73 136
7 73 13
7 13 23
7 13 147
7 23 119
7 23 102
7 119 56
7 119 100
7 56 80
7 80 48
7 48 24
7 48 99
8 94 65
8 94 54
8 54 59
8 54 76
8 59 83
8 83 63
8 63 143
8 143 1
8 143 39
8 39 75
8 75 29
8 75 36
8 29 61
8 61 95
8 61 147
8 147 71
8 147 149
8 71 145
8 145 46
8 46 16
8 16 47
8 47 103
8 47 97
8 97 132
8 97 131
8 132 25
8 132 64
8 25 110
8 25 4
8 4 62
8 62 139
8 139 52
8 139 93
8 52 22
8 52 87
8 87 125
8 87 7
8 125 114
8 125 69
8 114 106
8 106 105
8 106 136
8 105 37
8 37 146
8 146 81
8 81 30
8 81 55
8 55 118
8 55 122
8 122 2
8 2 13
8 2 128
8 128 111
8 128 44
8 44 80
8 44 82
8 80 70
8 80 138
8 70 66
8 70 115
8 66 137
8 66 9
8 137 140
8 140 124
8 140 79
8 124 11
8 124 5
8 5 24
8 5 3
8 24 14
8 14 6
8 14 17
8 6 116
8 6 92
8 92 18
8 92 19
8 19 78
8 19 96
8 78 50
8 50 100
8 50 121
8 121 98
8 121 119
8 98 42
8 98 15
8 15 77
8 15 142
8 77 113
8 113 144
8 113 129
8 144 101
8 101 148
8 101 67
8 67 35
8 67 23
8 35 33
8 35 127
8 33 40
9 19 101
9 19 65
9 101 44
9 44 146
9 146 145
9 145 92
9 145 15
9 15 29
9 29 1
9 29 33
9 33 55
9 55 26
9 55 81
9 26 60
9 26 79
9 79 5
9 5 139
9 5 102
9 139 126
9 139 104
9 126 100
9 126 66
9 66 48
9 66 128
9 48 127
9 127 135
9 135 131
9 131 39
9 131 69
9 69 42
9 42 140
9 140 87
9 87 18
9 87 134
9 134 62
9 134 23
9 62 35
9 62 68
9 35 88
9 35 51
9 51 82
9 51 90
9 82 96
9 96 22
9 22 105
9 105 94
9 105 119
9 94 4
9 4 78
9 78 17
9 17 149
9 17 12
9 149 34
9 149 10
9 10 147
9 147 144
9 147 120
9 120 7
9 120 38
9 38 148
9 38 111
9 111 108
9 108 133
9 108 16
9 16 36
9 36 45
9 36 63
9 45 25
9 45 113
9 25 21
9 25 115
9 21 89
9 21 110
9 110 64
9 110 72
9 72 71
9 72 24
9 71 59
9 71 91
9 91 43
9 91 58
9 58 50
9 58 52
9 50 46
9 50 84
9 84 136
9 84 141
9 136 124
9 136 74
9 74 98
9 74 143
9 98 9
9 9 37
9 9 99
9 99 8
9 8 121
9 8 85
9 121 53
