0 67 64
0 64 45
0 64 42
0 42 24
0 42 37
0 37 17
0 17 18
0 17 43
0 18 6
0 18 27
0 6 23
0 23 14
0 14 48
0 48 66
0 66 29
0 66 4
0 4 38
0 38 62
0 38 25
0 25 1
0 25 33
0 1 5
0 1 56
0 56 7
0 56 52
0 7 0
0 7 13
0 0 55
0 0 54
0 55 20
0 55 34
0 34 46
0 46 36
0 46 53
0 36 50
0 36 26
0 50 65
0 65 63
0 65 61
0 61 51
0 51 39
0 39 10
0 10 57
0 57 59
0 57 30
0 30 49
0 30 15
0 15 19
1 2 66
1 66 27
1 66 35
1 35 7
1 35 43
1 43 12
1 12 39
1 39 62
1 39 41
1 62 64
1 64 61
1 61 32
1 32 59
1 32 22
1 59 23
1 23 1
1 1 67
1 67 31
1 31 14
1 14 40
1 14 17
1 17 38
1 17 18
1 18 47
1 47 11
1 11 44
1 44 10
1 10 5
1 5 8
1 5 25
1 8 55
1 8 6
1 55 49
1 49 68
1 68 26
1 26 19
1 19 50
1 19 29
1 29 58
1 29 3
1 58 20
1 58 0
1 20 34
1 20 13
1 34 4
1 4 69
1 4 37
1 69 21
2 43 1
2 43 8
2 8 60
2 60 42
2 60 54
2 54 39
2 54 47
2 39 13
2 13 62
2 13 31
2 31 24
2 24 3
2 3 55
2 55 22
2 22 34
2 22 17
2 34 15
2 34 30
2 15 48
2 15 68
2 48 26
2 48 36
2 36 52
2 52 49
2 52 25
2 49 65
2 49 5
2 5 41
2 5 66
2 66 40
2 66 58
2 40 69
2 69 28
2 69 33
2 28 23
2 23 11
2 23 0
2 0 59
2 0 9
2 59 67
2 59 32
2 32 10
2 10 7
2 10 35
2 7 19
2 7 38
2 19 63
2 19 57
3 42 55
3 42 57
3 57 24
3 24 60
3 60 14
3 14 26
3 26 30
3 26 41
3 30 27
3 30 52
3 27 15
3 27 34
3 34 54
3 54 16
3 54 6
3 16 1
3 1 2
3 2 19
3 19 46
3 19 69
3 46 5
3 5 65
3 65 62
3 62 43
3 43 4
3 4 63
3 4 35
3 63 68
3 63 50
3 68 8
3 8 38
3 8 48
3 48 40
3 40 33
3 40 29
3 33 47
3 33 12
3 12 53
3 53 9
3 53 20
3 9 44
3 9 10
3 44 22
3 44 21
3 22 3
3 22 31
3 31 7
3 31 56
4 20 64
4 64 18
4 18 22
4 22 38
4 38 68
4 68 26
4 26 30
4 30 11
4 11 32
4 11 34
4 34 17
4 34 4
4 4 47
4 47 39
4 39 21
4 39 14
4 21 69
4 21 55
4 69 51
4 69 52
4 51 10
4 51 45
4 45 40
4 40 61
4 40 46
4 46 24
4 24 53
4 53 36
4 36 27
4 27 60
4 60 8
4 8 1
4 8 49
4 1 35
4 35 2
4 35 58
4 58 42
4 58 9
4 9 12
4 9 23
4 23 43
4 43 5
4 43 37
4 37 56
4 56 44
4 44 19
4 19 48
4 48 66
5 67 12
5 67 10
5 10 30
5 10 61
5 61 14
5 61 63
5 14 16
5 16 45
5 16 60
5 60 57
5 60 6
5 6 33
5 6 43
5 43 8
5 43 5
5 5 48
5 5 4
5 48 64
5 64 18
5 64 29
5 18 15
5 18 47
5 47 52
5 52 31
5 52 26
5 31 56
5 31 37
5 37 32
5 37 62
5 62 20
5 62 22
5 22 24
5 24 51
5 51 42
5 51 27
5 42 21
5 21 17
5 17 55
5 17 36
5 55 3
5 55 11
5 11 59
5 11 54
5 59 65
5 65 46
5 46 49
5 46 68
5 49 50
6 49 43
6 49 35
6 35 14
6 35 9
6 9 65
6 9 37
6 37 22
6 37 25
6 25 15
6 25 18
6 18 64
6 64 59
6 64 5
6 59 12
6 12 41
6 12 13
6 13 67
6 67 56
6 67 54
6 56 51
6 56 57
6 57 1
6 57 8
6 1 7
6 7 69
6 7 44
6 69 53
6 69 68
6 53 36
6 36 38
6 36 50
6 50 52
6 52 30
6 30 60
6 30 39
6 60 10
6 10 63
6 10 27
6 27 28
6 28 0
6 28 26
6 26 47
6 26 42
6 42 23
6 42 4
6 23 19
6 23 16
6 16 31
7 11 19
7 19 50
7 50 6
7 6 4
7 4 48
7 4 53
7 53 9
7 9 12
7 12 37
7 12 49
7 49 39
7 39 29
7 29 52
7 52 47
7 47 44
7 44 26
7 44 0
7 26 17
7 17 18
7 18 22
7 22 1
7 22 7
7 7 33
7 7 15
7 33 66
7 33 62
7 66 45
7 45 13
7 13 60
7 13 3
7 60 31
7 60 69
7 69 42
7 42 59
7 42 41
7 41 58
7 58 20
7 58 5
7 20 56
7 20 23
7 56 16
7 16 28
7 28 51
7 28 54
7 51 35
7 51 65
7 65 36
7 36 25
8 7 50
8 50 43
8 50 0
8 0 28
8 0 53
8 53 69
8 69 26
8 26 47
8 26 37
8 47 58
8 47 27
8 58 34
8 34 23
8 34 52
8 52 56
8 56 33
8 33 30
8 33 35
8 30 22
8 30 13
8 13 4
8 13 40
8 40 66
8 66 20
8 66 11
8 20 61
8 20 65
8 65 3
8 65 54
8 3 32
8 32 5
8 32 1
8 5 41
8 5 12
8 41 44
8 44 55
8 44 60
8 60 46
8 60 16
8 46 68
8 68 38
8 68 64
8 38 6
8 38 24
8 6 51
8 51 39
8 39 48
8 39 9
9 69 50
9 50 56
9 50 3
9 3 40
9 3 61
9 61 34
9 61 57
9 57 10
9 57 42
9 10 53
9 53 48
9 53 5
9 5 14
9 14 15
9 14 35
9 15 55
9 15 25
9 55 41
9 41 38
9 41 52
9 38 18
9 18 68
9 18 62
9 68 49
9 49 32
9 49 37
9 37 0
9 0 13
9 0 33
9 13 1
9 1 20
9 20 44
9 20 21
9 21 27
9 21 59
9 27 60
9 27 19
9 19 45
9 19 43
9 43 30
9 43 22
9 22 46
9 46 31
9 31 64
9 31 54
9 54 6
9 54 16
9 6 23
