0 46 25
0 46 36
0 25 35
0 35 20
0 35 28
0 20 9
0 9 23
0 9 8
0 23 5
0 23 26
0 26 42
0 26 34
0 34 2
1 8 26
1 8 45
1 26 13
1 13 4
1 13 32
1 32 28
1 28 19
1 28 22
1 19 16
1 19 49
1 16 48
1 48 43
1 48 34
2 6 11
2 6 46
2 46 41
2 46 5
2 5 43
2 5 44
2 44 31
2 31 16
2 16 15
2 16 2
2 15 14
2 15 42
2 14 35
3 35 4
3 4 36
3 36 22
3 36 27
3 27 37
3 27 18
3 18 24
3 18 20
3 24 10
3 10 48
3 48 1
3 48 30
3 1 45
4 12 15
4 15 14
4 14 25
4 25 27
4 25 20
4 20 36
4 36 47
4 36 21
4 47 6
4 6 32
4 32 23
4 23 9
4 9 10
5 20 32
5 32 38
5 32 47
5 47 30
5 30 40
5 40 1
5 1 31
5 31 36
5 36 43
5 43 16
5 16 34
5 34 18
5 18 23
6 10 32
6 10 37
6 32 40
6 32 19
6 19 21
6 21 3
6 21 4
6 4 39
6 39 25
6 25 31
6 31 41
6 41 2
6 2 24
7 1 25
7 25 13
7 13 27
7 13 0
7 27 2
7 2 24
7 24 6
7 6 35
7 6 36
7 36 34
7 34 38
7 38 9
7 9 20
8 2 22
8 22 16
8 16 14
8 14 44
8 44 19
8 19 46
8 19 26
8 26 0
8 26 25
8 0 1
8 0 12
8 1 47
8 47 37
9 40 13
9 40 39
9 39 34
9 39 44
9 44 45
9 44 48
9 45 29
9 45 3
9 3 4
9 3 49
9 4 18
9 4 43
9 18 11
10 21 15
10 21 43
10 43 13
10 43 14
10 13 10
10 13 12
10 12 48
10 48 44
10 48 2
10 2 30
10 2 38
10 30 39
10 30 35
11 38 16
11 16 12
11 12 47
11 12 9
11 47 39
11 39 13
11 13 15
11 13 41
11 41 22
11 22 33
11 33 25
11 25 44
11 25 36
12 11 38
12 38 31
12 31 47
12 47 7
12 7 43
12 43 21
12 21 45
12 45 2
12 2 40
12 40 36
12 40 1
12 1 34
12 34 41
13 3 44
13 3 33
13 44 1
13 44 26
13 26 28
13 26 40
13 28 7
13 28 27
13 27 11
13 11 25
13 11 20
13 20 4
13 20 0
14 47 13
14 47 35
14 13 31
14 13 39
14 39 49
14 49 1
14 1 38
14 1 36
14 36 10
14 36 4
14 10 17
14 10 21
14 17 14
15 31 5
15 5 6
15 6 15
15 15 19
15 19 17
15 19 44
15 44 43
15 44 40
15 40 34
15 34 26
15 26 20
15 20 2
15 2 28
16 22 8
16 8 31
16 8 16
16 31 49
16 49 1
16 1 6
16 6 32
16 6 15
16 15 39
16 39 11
16 11 42
16 42 2
16 2 45
17 19 23
17 19 6
17 6 8
17 8 13
17 8 33
17 13 42
17 13 1
17 42 47
17 47 11
17 11 5
17 11 3
17 5 29
17 29 36
18 16 27
18 16 40
18 27 33
18 33 2
18 33 46
18 2 26
18 2 5
18 5 13
18 5 28
18 13 20
18 13 6
18 6 8
18 8 19
19 1 41
19 1 20
19 20 19
19 20 45
19 45 27
19 45 33
19 33 6
19 33 29
19 6 24
19 24 5
19 5 22
19 5 25
19 25 17
20 46 22
20 22 7
20 22 25
20 7 48
20 7 34
20 48 1
20 48 14
20 14 20
20 14 33
20 20 21
20 21 0
20 21 15
20 0 6
21 47 17
21 17 4
21 17 46
21 4 0
21 0 41
21 41 34
21 34 37
21 37 5
21 5 28
21 5 18
21 18 27
21 18 6
21 27 19
22 17 23
22 17 18
22 18 31
22 18 26
22 31 22
22 31 35
22 22 33
22 22 13
22 13 6
22 6 21
22 21 30
22 21 3
22 3 40
23 0 31
23 0 7
23 7 24
23 24 30
23 24 42
23 42 19
23 42 29
23 29 5
23 29 46
23 46 25
23 25 40
23 25 14
23 40 26
24 27 0
24 27 22
24 0 31
24 0 24
24 24 30
24 24 10
24 10 17
24 10 45
24 17 18
24 18 48
24 48 4
24 4 26
24 4 34
25 24 34
25 24 40
25 34 8
25 34 46
25 46 18
25 18 23
25 18 16
25 16 19
25 16 30
25 30 7
25 30 35
25 7 38
25 38 17
26 20 25
26 25 1
26 1 46
26 1 12
26 12 31
26 31 21
26 31 33
26 33 11
26 11 47
26 11 37
26 37 48
26 37 36
26 48 19
27 24 37
27 37 17
27 37 5
27 17 29
27 29 15
27 29 2
27 2 14
27 14 39
27 14 8
27 39 46
27 39 10
27 10 49
27 10 21
28 16 45
28 45 36
28 45 24
28 24 23
28 23 15
28 15 31
28 15 5
28 31 28
28 28 9
28 28 35
28 9 22
28 9 44
28 22 21
29 38 13
29 13 24
29 24 27
29 24 21
29 27 18
29 27 16
29 16 35
29 35 19
29 19 10
29 19 36
29 36 12
29 12 40
29 40 43
30 4 36
30 4 41
30 36 6
30 6 12
30 6 46
30 46 48
30 46 5
30 5 31
30 31 18
30 31 34
30 34 28
30 28 26
30 26 25
31 19 32
31 19 9
31 32 26
31 32 17
31 17 24
31 17 1
31 1 29
31 1 38
31 29 4
31 29 47
31 4 15
31 15 44
31 15 49
32 9 4
32 4 42
32 4 37
32 42 40
32 42 3
32 3 47
32 3 45
32 45 46
32 45 23
32 23 35
32 23 18
32 18 7
32 18 12
33 37 5
33 37 48
33 5 3
33 3 38
33 3 46
33 46 29
33 29 6
33 29 44
33 44 42
33 42 27
33 27 1
33 27 43
33 43 35
34 36 14
34 14 49
34 49 31
34 31 24
34 31 9
34 9 37
34 37 6
34 37 48
34 6 26
34 6 10
34 26 4
34 26 45
34 4 11
35 23 4
35 4 45
35 45 27
35 45 0
35 27 38
35 38 5
35 5 1
35 1 21
35 21 31
35 31 34
35 34 28
35 28 24
35 24 40
36 11 49
36 49 40
36 49 33
36 40 21
36 40 47
36 47 10
36 47 3
36 10 27
36 10 19
36 19 13
36 19 6
36 6 48
36 48 5
37 48 35
37 48 19
37 19 27
37 27 25
37 27 36
37 25 16
37 16 7
37 16 2
37 2 3
37 2 14
37 3 29
37 3 20
37 29 13
38 30 4
38 4 31
38 31 43
38 43 12
38 43 41
38 12 22
38 22 10
38 10 39
38 10 49
38 39 34
38 39 47
38 47 35
38 35 46
39 10 42
39 10 47
39 47 13
39 13 6
39 6 31
39 31 35
39 35 49
39 49 43
39 43 22
39 22 8
39 8 19
39 19 33
39 33 46
40 5 25
40 25 3
40 3 12
40 3 37
40 37 36
40 37 14
40 36 40
40 40 45
40 40 22
40 22 0
40 22 35
40 0 30
40 0 23
41 4 46
41 46 8
41 46 45
41 45 10
41 45 21
41 10 26
41 10 9
41 9 1
41 1 17
41 1 5
41 5 18
41 5 29
41 18 12
42 24 39
42 39 48
42 39 29
42 48 42
42 42 2
42 42 10
42 2 16
42 16 47
42 47 8
42 8 20
42 8 15
42 20 9
42 9 49
43 26 31
43 31 43
43 43 15
43 43 46
43 15 14
43 14 21
43 21 18
43 18 42
43 42 17
43 17 24
43 24 37
43 37 12
43 12 49
44 24 25
44 24 1
44 1 43
44 1 32
44 32 20
44 20 0
44 0 16
44 0 46
44 46 19
44 46 34
44 34 31
44 31 29
44 31 35
45 27 40
45 27 3
45 3 43
45 3 14
45 14 24
45 14 25
45 24 46
45 46 22
45 46 19
45 22 20
45 22 34
45 34 6
45 34 37
46 13 20
46 20 8
46 8 36
46 8 35
46 35 42
46 35 24
46 42 23
46 23 25
46 23 12
46 25 15
46 15 0
46 15 29
46 0 41
47 38 49
47 49 19
47 49 36
47 19 28
47 28 5
47 5 30
47 5 45
47 30 37
47 30 46
47 37 39
47 39 0
47 0 10
47 10 35
48 16 5
48 16 25
48 25 21
48 21 17
48 21 24
48 17 1
48 17 23
48 23 45
48 45 37
48 45 28
48 37 9
48 9 41
48 9 34
49 30 39
49 39 10
49 39 43
49 43 40
49 40 44
49 40 24
49 24 1
49 24 17
49 1 28
49 1 18
49 18 33
49 18 19
49 33 41
50 26 9
50 26 36
50 36 39
50 39 8
50 39 37
50 37 41
50 41 46
50 46 4
50 4 27
50 27 19
50 19 44
50 44 15
50 44 10
51 41 5
51 5 23
51 23 49
51 49 18
51 49 25
51 18 11
51 18 4
51 4 16
51 4 6
51 16 38
51 16 31
51 31 15
51 15 8
52 27 23
52 27 4
52 23 37
52 23 12
52 37 15
52 37 9
52 15 49
52 15 40
52 49 6
52 49 32
52 32 17
52 17 22
52 22 14
53 4 29
53 29 1
53 1 40
53 40 44
53 44 3
53 44 28
53 3 15
53 15 21
53 15 20
53 21 25
53 21 24
53 25 5
53 25 36
54 19 33
54 33 12
54 12 6
54 12 0
54 0 11
54 0 23
54 11 9
54 9 8
54 8 40
54 40 46
54 46 42
54 42 21
54 42 2
55 31 22
55 31 24
55 24 3
55 3 39
55 39 21
55 21 10
55 10 14
55 14 45
55 45 1
55 1 38
55 38 18
55 38 12
55 18 11
56 13 45
56 13 11
56 45 43
56 45 18
56 18 22
56 18 21
56 22 42
56 42 14
56 42 5
56 14 27
56 14 7
56 27 3
56 27 9
57 42 35
57 35 6
57 35 11
57 11 25
57 11 34
57 25 47
57 25 2
57 2 20
57 20 31
57 31 26
57 26 32
57 26 9
57 32 45
58 30 3
58 30 47
58 47 24
58 24 10
58 24 46
58 10 25
58 10 29
58 29 18
58 29 6
58 18 26
58 26 7
58 26 42
58 42 12
59 28 43
59 43 22
59 43 15
59 15 36
59 36 44
59 36 37
59 44 18
59 18 11
59 11 24
59 24 19
59 19 8
59 8 41
59 41 32
60 27 38
60 38 24
60 24 39
60 39 8
60 8 0
60 0 30
60 0 5
60 30 1
60 1 41
60 41 21
60 21 9
60 21 7
60 7 11
61 35 30
61 30 7
61 7 39
61 39 46
61 39 9
61 9 2
61 2 4
61 4 11
61 11 8
61 11 25
61 8 13
61 8 19
61 19 45
62 23 30
62 30 34
62 34 18
62 18 13
62 13 32
62 32 48
62 48 10
62 48 44
62 10 14
62 14 43
62 14 41
62 41 0
62 0 6
63 28 37
63 37 32
63 32 3
63 32 5
63 5 31
63 5 7
63 7 47
63 47 17
63 47 46
63 17 36
63 17 1
63 36 23
63 23 48
64 29 41
64 29 2
64 2 9
64 2 0
64 0 38
64 38 10
64 38 46
64 46 35
64 46 30
64 35 20
64 35 4
64 20 14
64 20 49
65 37 25
65 25 16
65 25 48
65 48 2
65 2 8
65 8 30
65 8 39
65 30 31
65 31 13
65 13 47
65 13 44
65 47 36
65 36 11
66 10 3
66 10 1
66 1 15
66 15 23
66 23 5
66 5 0
66 0 48
66 48 8
66 8 39
66 39 32
66 39 37
66 37 34
66 37 47
67 11 36
67 36 5
67 36 44
67 44 22
67 44 45
67 45 13
67 45 12
67 13 19
67 13 23
67 23 47
67 47 29
67 47 49
67 29 27
68 37 44
68 37 18
68 44 33
68 44 11
68 33 12
68 33 39
68 39 1
68 1 20
68 1 5
68 5 8
68 5 24
68 8 38
68 8 4
69 0 3
69 0 27
69 27 1
69 27 32
69 32 42
69 42 22
69 22 33
69 22 39
69 39 29
69 39 49
69 29 20
69 20 11
69 11 24
70 27 9
70 27 38
70 9 34
70 34 6
70 34 25
70 25 47
70 25 7
70 47 12
70 47 43
70 43 1
70 43 24
70 1 31
70 1 41
71 41 13
71 41 18
71 18 32
71 32 2
71 2 30
71 2 24
71 24 28
71 24 23
71 23 38
71 23 11
71 11 31
71 31 27
71 27 8
72 28 24
72 28 31
72 24 5
72 24 49
72 49 20
72 20 44
72 44 48
72 44 18
72 48 1
72 1 40
72 1 45
72 45 2
72 45 35
73 46 15
73 15 35
73 15 24
73 24 48
73 48 43
73 43 13
73 13 4
73 4 8
73 4 5
73 5 29
73 5 23
73 29 18
73 29 10
74 42 14
74 14 40
74 14 19
74 40 0
74 40 22
74 22 45
74 45 41
74 41 5
74 5 38
74 38 24
74 24 29
74 24 7
74 7 3
75 32 13
75 32 29
75 13 27
75 13 43
75 27 34
75 27 16
75 16 0
75 16 26
75 26 44
75 26 35
75 44 23
75 23 48
75 23 31
76 13 27
76 27 1
76 1 16
76 1 22
76 16 30
76 30 9
76 9 41
76 9 23
76 23 32
76 32 0
76 0 39
76 39 11
76 11 20
77 40 49
77 49 33
77 33 13
77 33 16
77 16 32
77 16 30
77 30 9
77 9 7
77 9 39
77 39 14
77 39 6
77 14 10
77 14 0
78 9 38
78 9 36
78 36 0
78 36 44
78 0 24
78 0 35
78 24 26
78 24 1
78 1 4
78 1 18
78 4 46
78 4 29
78 46 39
79 9 45
79 45 7
79 7 22
79 7 49
79 49 47
79 47 8
79 47 28
79 28 5
79 5 33
79 33 1
79 1 11
79 11 0
79 0 15
80 33 36
80 33 29
80 36 8
80 8 21
80 8 19
80 19 22
80 22 25
80 22 14
80 25 10
80 10 45
80 45 11
80 45 13
80 11 46
81 49 47
81 47 11
81 11 38
81 38 46
81 46 37
81 37 0
81 0 15
81 0 21
81 15 27
81 27 20
81 20 24
81 24 6
81 6 26
82 14 11
82 11 39
82 39 40
82 40 8
82 8 24
82 24 38
82 38 4
82 38 16
82 4 43
82 4 32
82 43 3
82 43 9
82 9 1
83 48 43
83 48 24
83 43 39
83 43 21
83 39 30
83 30 6
83 30 29
83 6 35
83 6 2
83 2 49
83 2 25
83 25 37
83 37 45
84 32 20
84 20 17
84 20 11
84 17 48
84 48 9
84 9 27
84 27 36
84 36 18
84 18 13
84 13 8
84 13 39
84 39 42
84 42 37
85 47 27
85 47 14
85 14 41
85 41 15
85 15 34
85 15 23
85 23 42
85 23 4
85 4 30
85 4 12
85 30 19
85 30 46
85 46 17
86 5 20
86 20 48
86 48 29
86 48 43
86 43 36
86 43 13
86 13 39
86 13 23
86 23 37
86 23 18
86 37 30
86 30 46
86 46 4
87 29 27
87 29 37
87 37 41
87 37 31
87 31 48
87 31 18
87 18 22
87 22 12
87 12 16
87 16 2
87 2 14
87 2 39
87 39 15
88 32 26
88 26 17
88 26 0
88 0 39
88 39 10
88 39 40
88 40 29
88 40 21
88 29 30
88 29 43
88 43 9
88 43 3
88 9 14
89 28 11
89 11 46
89 11 2
89 2 48
89 48 36
89 36 13
89 13 19
89 19 47
89 47 35
89 47 22
89 22 21
89 22 6
89 6 1
90 38 8
90 38 35
90 8 11
90 8 13
90 13 45
90 13 27
90 45 47
90 47 20
90 47 48
90 20 17
90 17 18
90 17 41
90 41 7
91 7 35
91 35 9
91 9 31
91 9 2
91 2 41
91 2 27
91 41 42
91 42 34
91 34 44
91 34 21
91 44 4
91 44 13
91 13 36
92 48 36
92 36 45
92 45 2
92 2 42
92 2 30
92 42 19
92 19 37
92 19 21
92 21 1
92 1 39
92 1 4
92 4 38
92 4 32
93 30 26
93 30 0
93 0 4
93 4 7
93 7 34
93 7 38
93 34 3
93 3 15
93 15 47
93 47 24
93 24 8
93 8 14
93 14 6
94 9 38
94 38 1
94 1 21
94 1 16
94 21 26
94 26 42
94 26 15
94 42 25
94 42 34
94 34 32
94 34 14
94 32 2
94 2 35
95 35 18
95 35 3
95 3 23
95 3 14
95 14 0
95 0 7
95 0 36
95 36 30
95 36 29
95 29 16
95 16 37
95 37 1
95 37 15
96 33 21
96 33 35
96 35 26
96 35 24
96 24 44
96 44 2
96 2 11
96 2 13
96 11 29
96 11 12
96 12 7
96 12 3
96 3 47
97 8 2
97 8 12
97 12 38
97 38 23
97 38 16
97 23 3
97 3 33
97 33 31
97 31 14
97 31 29
97 14 11
97 11 49
97 49 46
98 46 35
98 35 33
98 35 37
98 33 8
98 33 11
98 8 13
98 8 32
98 13 10
98 10 25
98 10 12
98 25 7
98 7 42
98 7 47
99 13 23
99 23 8
99 8 42
99 42 35
99 35 2
99 2 18
99 2 26
99 18 33
99 33 20
99 33 25
99 20 43
99 20 36
99 36 27
