0 27 26
0 26 17
0 17 8
0 8 24
0 24 21
0 21 22
0 22 14
0 14 11
0 11 7
0 7 4
0 4 6
0 6 0
0 0 29
0 29 20
0 20 2
0 2 28
0 28 10
0 10 9
0 9 15
1 28 16
1 16 21
1 21 9
1 9 23
1 23 15
1 15 7
1 7 27
1 27 0
1 0 6
1 6 2
1 2 24
1 24 17
1 17 10
1 10 8
1 8 29
1 29 14
1 14 25
1 25 26
1 26 3
2 6 14
2 14 23
2 23 19
2 19 22
2 22 29
2 29 5
2 5 17
2 17 12
2 12 3
2 3 2
2 2 25
2 25 1
2 1 20
2 20 0
2 0 21
2 21 15
2 15 11
2 11 16
2 16 7
3 20 12
3 12 29
3 29 22
3 22 14
3 14 8
3 8 21
3 21 25
3 25 4
3 4 18
3 18 23
3 23 15
3 15 7
3 7 10
3 10 1
3 1 5
3 5 27
3 27 17
3 17 2
3 2 16
4 18 14
4 14 22
4 22 11
4 11 26
4 26 8
4 8 3
4 3 13
4 13 28
4 28 20
4 20 10
4 10 24
4 24 25
4 25 27
4 27 15
4 15 2
4 2 16
4 16 17
4 17 7
4 7 5
