0 3 65
0 65 14
0 14 42
0 42 34
0 34 36
0 36 67
0 67 35
0 35 26
0 26 52
0 52 57
0 57 8
0 8 28
0 28 63
0 63 18
0 18 22
0 22 23
0 23 9
0 9 66
0 66 41
0 41 32
0 32 31
0 31 25
0 25 38
0 38 7
0 7 54
0 54 11
0 11 21
0 21 56
0 56 6
0 6 50
0 50 15
0 15 49
0 49 39
0 39 44
0 44 48
0 48 10
0 10 27
0 27 51
0 51 5
0 5 69
0 69 62
0 62 59
0 59 55
0 55 13
0 13 37
0 37 20
0 20 33
0 33 60
0 60 64
1 44 36
1 36 25
1 25 55
1 55 17
1 17 63
1 63 23
1 23 31
1 31 37
1 37 67
1 67 2
1 2 9
1 9 8
1 8 61
1 61 1
1 1 57
1 57 46
1 46 32
1 32 47
1 47 11
1 11 28
1 28 41
1 41 59
1 59 69
1 69 10
1 10 20
1 20 4
1 4 35
1 35 6
1 6 40
1 40 27
1 27 43
1 43 50
1 50 60
1 60 33
1 33 49
1 49 39
1 39 14
1 14 54
1 54 29
1 29 26
1 26 18
1 18 12
1 12 34
1 34 7
1 7 16
1 16 30
1 30 13
1 13 53
1 53 42
2 66 10
2 10 63
2 63 57
2 57 21
2 21 29
2 29 16
2 16 47
2 47 33
2 33 3
2 3 9
2 9 27
2 27 8
2 8 60
2 60 4
2 4 32
2 32 37
2 37 30
2 30 14
2 14 61
2 61 17
2 17 19
2 19 39
2 39 18
2 18 5
2 5 26
2 26 58
2 58 46
2 46 38
2 38 13
2 13 62
2 62 41
2 41 59
2 59 15
2 15 11
2 11 55
2 55 0
2 0 43
2 43 67
2 67 53
2 53 44
2 44 23
2 23 7
2 7 68
2 68 20
2 20 54
2 54 65
2 65 69
2 69 2
2 2 12
3 19 24
3 24 49
3 49 38
3 38 17
3 17 39
3 39 67
3 67 53
3 53 25
3 25 29
3 29 18
3 18 56
3 56 30
3 30 69
3 69 36
3 36 31
3 31 23
3 23 12
3 12 28
3 28 5
3 5 47
3 47 44
3 44 40
3 40 10
3 10 0
3 0 16
3 16 68
3 68 60
3 60 3
3 3 7
3 7 43
3 43 32
3 32 64
3 64 54
3 54 20
3 20 34
3 34 63
3 63 51
3 51 58
3 58 9
3 9 4
3 4 2
3 2 8
3 8 50
3 50 65
3 65 35
3 35 45
3 45 22
3 22 42
3 42 59
4 17 62
4 62 22
4 22 7
4 7 29
4 29 67
4 67 38
4 38 16
4 16 37
4 37 46
4 46 6
4 6 28
4 28 15
4 15 32
4 32 66
4 66 31
4 31 56
4 56 40
4 40 45
4 45 20
4 20 26
4 26 44
4 44 12
4 12 60
4 60 5
4 5 54
4 54 52
4 52 33
4 33 53
4 53 41
4 41 68
4 68 18
4 18 47
4 47 50
4 50 30
4 30 19
4 19 3
4 3 10
4 10 49
4 49 11
4 11 13
4 13 24
4 24 36
4 36 9
4 9 59
4 59 2
4 2 0
4 0 51
4 51 25
4 25 14
